151
177
178
179
180
181
182
184
201
202
203
204
205
206
211
212
214
222
225
226
227
228
229
230
234
250
251
252
253
254
255
267
268
270
271
273
274
280
281
286
407
408
409
411
412
413
414
415
416
418
420
421
422
424
425
427
430
433
435
438
439
442
443
444
453
457
461
464
470
472
477
479
482
486
489
491
496
498
500
501
503
507
512
515
519
522
524
526
527
531
534
538
568
574
576
580
582
584
586
587
589
590
593
594
597
598
601
604
608
611
616
619
638
641
650
653
656
658
659
661
663
666
669
671
672
674
675
676
679
680
683
688
689
699
703
706
712
715
717
722
726
727
728
730
731
733
734
735
736
737
739
740
743
744
745
746
748
751
756
759
762
764
767
769
771
776
779
781
783
786
787
788
790
791
793
794
795
796
798
799
800
802
803
804
805
806
807
808
809
810
811
812
813
814
816
818
821
825
831
832
834
835
838
840
841
843
844
845
847
848
849
850
852
853
855
857
858
859
860
861
862
863
864
865
867
869
871
872
874
876
878
879
880
881
882
883
884
886
888
890
892
910
915
918
919
922
925
926
928
930
933
936
943
946
947
949
950
951
952
954
955
957
958
959
960
962
964
965
966
968
969
970
972
973
974
976
977
979
980
981
983
984
985
986
987
988
989
990
991
992
993
994
995
997
998
1000
1001
1003
1004
1007
1010
1012
1014
1015
1017
1018
1020
1021
1023
1024
1025
1027
1028
1030
1031
1033
1034
1035
1036
1038
1039
1041
1339
1342
1346
1349
1386
1388
1391
1395
1399
1403
1407
1411
1415
1418
1421
1423
1427
1431
1435
1439
1443
1446
1450
1454
1456
1459
1464
1466
1469
1472
1476
1480
1482
1484
1487
1491
1494
1497
1500
1504
1506
1510
1513
1517
1519
1523
1526
1530
1535
1538
1540
1543
1548
1552
1555
1557
1561
1562
1565
1566
1570
1572
1576
1579
1583
1585
1587
1590
1594
1595
1597
1599
1601
1604
1610
1613
1617
1622
1626
1629
1637
1645
1655
1657
1661
1664
1666
1669
1671
1672
1677
1683
1691
1697
1700
1704
1708
1711
1715
1721
1724
1729
1733
1750
1759
1764
1772
1775
1780
1784
1786
1789
1792
1798
1802
1806
1810
1816
1820
1824
1829
1832
1837
1852
1856
1858
1862
1868
1874
1880
1885
1892
1896
1900
1903
1907
1909
3282
3299
3302
4069
4569
4589
4590
4591
4592
4593
5416
5417
5418
5486
5491
5492
5493
5494
5495
5496
5497
5498
5499
5500
5501
5502
5503
5504
5505
5507
5508
5509
5510
5511
5512
5634
5643
5644
5653
6065
6066
6067
6090
6095
6100
6105
6120
6125
6129
6134
6139
6144
6149
6154
6161
6166
6171
6176
6181
6186
6193
6198
6208
6213
6218
6223
6228
6233
6238
6243
6248
6253
6263
6268
6273
6278
6283
6288
6293
6301
6317
6322
6327
6329
6333
6335
6336
6340
6345
6350
6355
6360
6361
6364
6365
6366
6371
6372
6373
6374
6375
6376
6377
6378
6379
6380
6381
6382
6383
6384
6385
6386
6387
6388
6389
6390
6391
6392
6393
6394
6395
6396
6397
6406
6407
6408
6409
6410
6647
6648
6701
6702
6703
6704
6705
6706
6707
6708
6709
6710
6711
6712
6713
6714
6715
6716
6717
6718
6719
6721
6723
6724
6725
6726
6729
6732
6733
6734
6735
6736
6739
6740
6741
6742
6743
6744
6745
6746
6747
6748
6750
6751
6752
6753
6754
6755
6756
6757
6758
6759
6760
6761
6767
6768
6818
6819
6823
6824
6825
6826
6827
6828
6829
6830
6836
6840
6841
6858
6862
6863
6864
6865
6866
6868
6869
6870
6871
6872
6873
6874
6875
6876
6883
6949
6950
6951
6952
6953
6954
6955
6956
6957
6958
6959
6960
6961
6962
6963
6964
6965
6966
6967
6970
6975
6979
6980
6981
6982
6983
6986
6988
6993
7003
7005
7008
7010
7011
7012
7017
7018
7019
7020
7021
7022
7023
7024
7025
7026
7028
7029
7030
7031
7032
7033
7034
7035
7036
7037
7038
7039
7046
7047
7112
7165
7289
7362
7366
7433
7434
7435
7436
7437
7438
7442
7444
7446
7447
7450
7459
7460
7461
7467
7472
7473
7474
7475
7476
7478
7479
7480
7481
7482
7483
7484
7489
7490
7491
7493
7494
7496
7497
7498
7506
7508
7509
7510
7511
7512
7513
7514
7515
7516
7517
7518
7541
8244
8253
8273
8380
8381
8384
8385
8386
8402
8404
8405
8406
8407
8408
8409
8410
8411
8412
8413
8414
8415
8416
8418
8433
8434
8435
8436
8437
8438
8439
8440
8441
8442
8443
8444
8445
8446
8447
8448
8449
8450
8451
8452
8453
8454
8455
8456
8458
8459
8460
8461
8462
8464
8566
8567
8568
8569
8571
8572
8573
8574
8575
8576
8577
8578
8579
8580
8584
8588
8589
8590
8591
8592
8594
8595
8596
8597
8598
8599
8601
8602
8603
8604
8605
8611
8612
8613
8614
8615
8616
8623
8624
8625
8626
8627
8630
8633
8634
8635
8636
8989
9977
9999
10004
10020
10075
10116
10121
10796
10829
10895
10955
10976
11001
11173
11215
11415
11436
11438
11445
11446
11605
11692
11783
11787
11790
11824
11836
11839
11853
11854
11858
11870
11877
11884
12142
12243
12255
12258
12307
12315
12341
12353
12369
12371
12373
12381
12388
12389
12398
12409
12527
12540
13159
13168
13188
13213
13241
13290
13473
15401
15436
15585
15588
15854
16118
16226
16228
16229
16230
16232
16234
16235
16336
17570
17575
17862
17876
20612
20768
20772
20863
20907
20930
20931
20987
23795
24090
24112
24181
24184
24185
24200
24204
24214
24215
24222
24224
24225
24226
24227
24230
24231
24232
24233
24234
24235
24236
24238
24240
24241
24242
24243
24245
24246
24247
24248
24252
24260
24266
24267
24276
24278
24288
24292
24293
24300
24314
24316
24317
24319
24322
24330
24335
24336
24337
24339
24347
24348
24351
24353
24354
24355
24356
24359
24361
24362
24368
25359
25362
25369
25371
25372
25373
25374
25375
25376
25378
25384
25385
25388
25390
25391
25406
25408
25417
25423
25427
25431
25438
25439
25452
25456
25468
25473
25476
25477
25480
25481
25489
25502
25503
25508
25574
25584
25590
25598
25623
25634
25644
25653
25737
25906
25907
25908
25909
25910
25941
25942
25943
25944
25946
25947
25949
25950
25951
25964
25965
25966
25967
25970
25972
25973
25976
25977
25978
25979
25980
25981
25982
25983
25987
25988
25994
25995
25997
25998
25999
26001
26002
26003
26008
26016
26017
26086
26109
26122
26123
26124
26125
26126
26128
26129
26130
26142
26146
26154
26155
26163
26165
26184
26251
26319
26322
26325
26369
26573
26574
27264
27269
27331
27346
27383
27550
27624
27786
27790
27800
27801
27803
27840
27843
27901
27936
27940
27941
28047
28054
28097
28100
28112
28113
28116
28137
28168
28169
28175
28184
28185
28186
28187
28190
28191
28193
28194
28195
28197
28198
28203
28208
28226
28230
28316
28323
28819
28831
28880
28891
28950
29172
29269
29403
29407
29466
29632
29633
29639
29682
29716
29719
29721
29800
29801
29802
29811
29816
29853
29854
29856
29857
29872
29873
29874
29900
29901
29902
29903
29909
29914
29975
29979
30044
30050
30051
30055
30057
30058
30075
30076
30118
30124
30155
30176
30177
30178
30186
30190
30197
30199
30200
30201
30208
30210
30212
30224
30230
30236
30300
30311
30314
30367
30395
30679
30681
30974
31020
31021
31022
31027
31028
31029
31416
31418
31474
31618
31619
31620
31632
31646
31666
31680
31691
31698
31699
31759
31870
31932
31943
31978
31979
31980
31981
31985
32272
32301
32359
32562
32638
32762
32763
32824
32825
32962
32963
33007
33010
33011
33012
33013
33098
33099
33100
33101
33102
33103
33104
33105
33106
33107
33108
33109
33110
33111
33112
33113
33114
33115
33116
33117
33118
33119
33120
33121
33122
33158
33189
33194
33222
33223
33225
33364
33366
33432
33433
33447
33488
33489
33490
33511
33516
33525
33528
33539
33561
33587
33588
33596
33597
33603
33615
33621
33646
33659
33662
33666
33668
33670
33672
33676
33708
33730
33732
33819
33826
33827
33850
33930
33932
33987
33989
33991
34013
34114
34131
34146
34165
34175
34191
34270
34281
34321
34325
34326
34335
34336
34343
34349
34426
34439
34491
34567
34617
34650
34664
34680
34706
34711
34719
34794
34861
34871
34891
34955
34977
35055
35111
35170
35288
35291
35317
35363
35380
35402
35408
35415
35423
35441
35523
35550
35584
35591
35615
35626
35645
35646
35658
35672
35683
35711
35713
35738
35740
35747
35777
35787
35801
35804
35806
35826
35849
35877
35880
35899
35914
35917
35929
35931
35946
35947
35949
35959
35968
35970
35982
35999
36014
36016
36023
36034
36072
36075
36082
36085
36087
36092
36095
36124
36209
36218
36232
36239
36244
36251
36257
36259
36270
36306
36309
36311
36317
36337
36347
36353
36354
36370
36376
36385
36389
36399
36406
36414
36419
36421
36424
36463
36468
36476
36478
36488
36494
36501
36507
36513
36522
36524
36527
36528
36538
36563
36565
36577
36581
36586
36596
36612
36651
36675
36680
36687
36695
36702
36704
36716
36724
36727
36730
36732
36757
36762
36766
36784
36798
36818
36824
36825
36829
36830
36839
36840
36845
36853
36855
36883
36889
36901
36907
36921
36932
36939
36948
36951
36968
36969
36979
36988
36992
36995
37001
37014
37018
37029
37054
37104
37118
37120
37126
37130
37133
37145
37164
37167
37184
37191
37192
37195
37210
37222
37227
37250
37256
37262
37269
37278
37285
37286
37291
37296
37303
37314
37332
37353
37376
37379
37393
37394
37396
37398
37403
37413
37454
37465
37466
37475
37484
37485
37490
37525
37529
37548
37554
37567
37573
37577
37584
37586
37587
37595
37601
37602
37619
37625
37635
37644
37645
37648
37658
37664
37675
37684
37691
37711
37712
37716
37744
37759
37783
37784
37785
37793
37842
37847
37850
37879
37908
37927
37944
37945
37949
37973
38055
38058
38075
38079
38099
38105
38125
38185
38206
38226
38254
38381
38403
38468
38594
38606
38736
38755
38774
38847
38850
38855
38885
38893
38929
38936
38944
38967
39020
39130
39257
39301
39376
39512
39524
39543
39550
39551
39553
39559
39567
39569
39572
39577
39589
39597
39620
39623
39624
39626
39627
39628
39635
39636
39637
39645
39656
39657
39662
39689
39690
39691
39692
39693
39706
39711
39714
39718
39724
39733
39738
39740
39750
39753
39755
39757
39766
39767
39768
39771
39775
39783
39785
39787
39789
39790
39800
39801
39823
39828
39831
39837
39838
39841
39842
39854
39857
39862
39863
39864
39877
39878
39879
39880
39890
39894
39895
39904
39908
39909
39918
39920
39921
39923
39930
39935
39959
39977
40033
40051
40057
40072
40091
40104
40115
40122
40123
40130
40132
40135
40138
40152
40161
40163
40164
40195
40213
40247
40258
40264
40265
40266
40267
40268
40269
40274
40275
40294
40295
40303
40312
40324
40332
40341
40352
40394
40400
40411
40414
40464
40476
40496
40520
40533
40549
40592
40593
40599
40602
40652
40658
40668
40683
40685
40689
40705
40719
40726
40753
40754
40757
40777
40779
40794
40815
40819
40851
40859
40879
40896
40911
40929
40946
41030
41035
41050
41120
41129
41229
41234
41236
41237
41248
41249
41255
41257
41294
41295
41314
41322
41326
41327
41328
41332
41341
41346
41354
41369
41378
41380
41383
41384
41411
41428
41436
41438
41452
41463
41468
41478
41481
41482
41494
41497
41500
41516
41544
41546
41549
41565
41569
41571
41576
41577
41585
41592
41600
41609
41629
41649
41653
41665
41668
41669
41673
41681
41708
41713
41714
41723
41736
41737
41739
41767
41768
41769
41770
41773
41776
41779
41788
41791
41794
41797
41800
41801
41802
41803
41809
41811
41816
41817
41822
41823
41826
41827
41831
41853
41877
41934
41939
41940
41949
41951
41954
41963
41964
41973
41980
41981
41992
41996
41998
42007
42011
42033
42045
42075
42087
42090
42097
42105
42114
42117
42129
42161
42212
42221
42230
42255
42265
42292
42329
42391
42422
42426
42429
42435
42440
42468
42474
42483
42484
42500
42502
42506
42518
42521
42523
42534
42555
42556
42560
42564
42588
42594
42596
42602
42646
42647
42657
42664
42684
42699
42714
42787
42789
42792
42810
42815
42821
42831
42847
42849
42857
42858
42859
42876
42882
42884
42899
42925
42962
42969
42989
42990
42991
42993
42995
43004
43016
43018
43031
43093
43106
43107
43154
43194
43209
43210
43239
43256
43258
43263
43273
43274
43275
43277
43278
43280
43286
43294
43299
43300
43303
43305
43306
43312
43320
43340
43343
43351
43363
43364
43392
43393
43398
43410
43417
43425
43444
43446
43448
43451
43458
43485
43495
43498
43500
43501
43502
43504
43512
43514
43515
43518
43522
43523
43531
43532
43533
43556
43574
43575
43576
43585
43638
43642
43644
43652
43690
43703
43704
43711
43731
43739
43787
43801
43802
43821
43864
43866
43876
43896
43900
43939
43959
43967
43985
43986
43998
44003
44007
44008
44017
44070
44074
44080
44121
44150
44201
44227
44238
44250
44259
44336
44339
44343
44344
44347
44348
44435
44445
44456
44460
44472
44473
44475
44515
44519
44545
44627
44642
44667
44756
44800
44811
44819
44833
44834
44839
44867
44879
44895
44906
44913
44915
44936
44945
45033
45034
45038
45046
45047
45055
45063
45070
45077
45083
45089
45093
45098
45102
45108
45112
45119
45122
45145
45146
45147
45148
45150
45164
45165
45173
45174
45175
45176
45179
45180
45182
45184
45185
45187
45188
45190
45191
45192
45193
45194
45195
45198
45199
45200
45201
45202
45203
45204
45205
45230
45233
45235
45256
45257
45258
45260
45265
45267
45268
45271
45274
45275
45276
45278
45279
45280
45281
45282
45283
45284
45285
45289
45291
45302
45303
45304
45305
45311
45314
45316
45318
45321
45323
45332
45351
45352
45353
45354
45357
45358
45359
45360
45361
45363
45365
45392
45398
45401
45402
45405
45435
45453
45460
45461
45462
45500
45505
45510
45511
45520
45540
45548
45569
45576
45581
45589
45603
45664
45678
45696
45725
45735
45749
45750
45760
45765
45768
45775
45776
45788
45794
45796
45818
45819
45825
45869
45875
45879
45905
45908
45935
45939
45940
45945
45951
45955
45962
45963
45976
45988
46002
46003
46006
46022
46049
46105
46111
46112
46113
46114
46120
46122
46128
46135
46140
46141
46143
46147
46154
46155
46157
46166
46180
46185
46188
46201
46207
46214
46215
46224
46233
46237
46238
46240
46243
46245
46246
46247
46251
46258
46259
46260
46261
46262
46265
46289
46301
46385
46402
46403
46404
46406
46407
46409
46415
46418
46432
46465
46498
46511
46513
46518
46520
46528
46530
46531
46536
46538
46539
46540
46541
46542
46543
46549
46550
46551
46552
46553
46554
46560
46566
46567
46569
46570
46586
46591
46593
46597
46620
46652
46701
46709
46710
46715
46720
46723
46726
46734
46768
46772
46777
46778
46783
46784
46785
46786
46787
46791
46793
46794
46795
46796
46798
46799
46800
46801
46802
46803
46804
46806
46807
46822
46823
46873
46879
46893
46912
46918
46919
46951
46956
46959
46961
46962
46963
46974
46977
46993
46994
47005
47006
47007
47008
47009
47010
47011
47012
47013
47014
47015
47016
47017
47018
47019
47020
47021
47022
47030
47031
47067
47073
47084
47135
47144
47154
47155
47230
47270
47350
47366
47372
47484
47488
47489
47493
47507
47508
47510
47514
47516
47517
47518
47519
47520
47523
47542
47557
47604
47605
47612
47619
47620
47621
47624
47625
47630
47633
47639
47640
47641
47642
47643
47648
47649
47650
47665
47680
47681
47698
47699
47706
47712
47732
47771
47772
47773
47774
47776
47777
47781
47784
47785
47786
47787
47794
47795
47805
47810
47812
47813
47814
47815
47816
47836
47837
47838
47839
47840
47845
47849
47850
47851
47855
47858
47860
47874
47875
47880
47882
47895
47896
47902
47903
47905
47911
47927
47936
47938
47940
47945
47956
47985
47990
48002
48015
48033
48036
48061
48065
48066
48070
48084
48124
48132
48145
48150
48194
48208
48215
48226
48228
48240
48261
48271
48278
48279
48283
48295
48304
48310
48320
48332
48334
48353
48369
48376
48386
48422
48461
48475
48494
48618
48642
48650
48653
48657
48659
48665
48697
48708
48710
48728
48731
48734
48740
48753
48754
48771
48782
48783
48804
48805
48807
48808
48812
48814
48821
48831
48832
48840
48846
48847
48854
48856
48863
48864
48872
48877
48878
48880
48899
48903
48931
48945
48957
48968
48971
48972
48997
48998
48999
49000
49001
49006
49008
49010
49016
49020
49036
49037
49040
49056
49057
49058
49061
49062
49063
49064
49068
49073
49075
49087
49105
49108
49116
49117
49118
49119
49129
49130
49139
49140
49141
49142
49149
49150
49151
49152
49153
49156
49160
49165
49166
49176
49178
49182
49183
49184
49186
49190
49192
49194
49196
49197
49198
49199
49201
49207
49212
49214
49216
49224
49225
49229
49235
49237
49238
49239
49240
49241
49242
49246
49251
49252
49253
49276
49297
49305
49306
49309
49310
49339
49357
49380
49414
49418
49441
49459
49520
49545
49547
49581
49592
49597
49608
49617
49632
49639
49641
49645
49646
49667
49669
49678
49688
49690
49704
49706
49750
49751
49765
49769
49772
49774
49779
49780
49781
49786
49798
49799
49821
49822
49827
49828
49833
49834
49846
49847
49853
49866
49871
49887
49888
49889
49894
49898
49899
49900
49912
49919
49920
49926
49932
49939
49944
49945
49946
49950
49951
49955
49960
49961
49962
49967
49968
49969
49971
49977
49978
49979
49981
49987
49995
50000
50019
50028
50031
50058
50068
50073
50088
50089
50096
50118
50130
50131
50137
50139
50143
50148
50153
50154
50160
50161
50164
50165
50166
50170
50171
50193
50197
50200
50201
50202
50207
50211
50215
50218
50219
50220
50225
50227
50229
50231
50234
50236
50249
50254
50256
50257
50258
50272
50285
50286
50316
50318
50325
50330
50331
50334
50351
50352
50355
50358
50368
50381
50395
50403
50414
50415
50419
50420
50422
50424
50432
50475
50481
50482
50498
50499
50503
50527
50553
50583
50591
50592
50595
50598
50599
50603
50608
50611
50626
50632
50635
50639
50640
50641
50653
50659
50667
50674
50678
50683
50720
50759
50769
50783
50794
50795
50798
50799
50802
50820
50826
50830
50844
50862
50870
50872
50879
50911
50919
50929
50958
50959
50961
50990
51024
51025
51045
51046
51049
51053
51057
51059
51090
51093
51097
51123
51124
51125
51126
51127
51128
51135
51142
51143
51147
51149
51152
51158
51159
51160
51161
51162
51163
51164
51165
51166
51167
51168
51169
51171
51174
51180
51189
51192
51195
51197
51207
51209
51232
51234
51242
51243
51264
51266
51268
51269
51270
51271
51272
51273
51274
51275
51276
51277
51279
51302
51303
51304
51306
51308
51319
51320
51321
51322
51323
51324
51325
51326
51327
51328
51330
51336
51345
51349
51358
51362
51372
51376
51388
51390
51395
51396
51418
51419
51424
51429
51430
51447
51451
51480
51481
51488
51491
51498
51500
51501
51510
51511
51530
51540
51542
51578
51638
51665
51680
51690
51762
51774
51791
51798
51826
51833
51834
51835
51870
51871
51929
51943
51957
51964
51966
51984
51991
52005
52006
52015
52019
52020
52029
52035
52118
52120
52128
52211
52216
52221
52222
52292
52304
52305
52309
52314
52321
52322
52323
52327
52334
52348
52430
52472
52475
52486
52487
52489
52490
52502
52503
52504
52511
52513
52518
52597
52622
52624
52628
52632
52634
52638
52639
52644
52668
52697
52728
52747
52749
52754
52756
52764
52765
52847
52872
52878
52882
52883
52914
52930
52939
52943
52944
52957
52958
52965
52966
52984
52986
53003
53012
53077
53106
53169
53233
53359
53375
53395
53486
53491
53492
53497
53498
53500
53505
53518
53541
53542
53551
53556
53557
53558
53563
53566
53568
53569
53570
53571
53574
53576
53580
53581
53588
53589
53590
53596
53603
53604
53618
53631
53643
53648
53653
53655
53660
53664
53670
53683
53685
53785
54075
54082
54098
54144
54411
54412
54420
54427
54861
54868
54986
54994
54995
55138
56520
56587
57038
57039
57040
57041
57058
57067
57069
57071
57371
57372
57395
57401
57402
57404
57405
57530
57654
57873
57889
57892
57894
57897
57900
57901
57902
57903
57904
57905
57906
57907
57909
57910
57911
57912
57914
57915
57916
57917
57918
57919
57921
57923
57924
57926
57927
57928
57929
57930
57932
57934
57935
57936
57938
57940
57946
57947
57948
57949
57950
57951
57953
57961
57967
57972
57975
57977
57980
57981
57982
57990
57991
57992
57993
57996
57997
58002
58003
58004
58005
58024
58025
58026
58027
58028
58029
58030
58032
58033
58034
58035
58037
58038
58048
58053
58054
58055
58056
58058
58059
58063
58065
58066
58081
58085
58093
58094
58095
58096
58097
58098
58099
58100
58102
58105
58108
58110
58111
58112
58113
58114
58115
58118
58120
58121
58122
58123
58128
58591
58592
58626
58630
58699
58701
58702
58825
58826
58827
58828
58831
58832
58834
58837
58838
58839
58840
58842
58844
58849
58850
58946
58947
58948
58949
58950
58951
58953
58955
58959
58960
58961
58962
58963
59220
59221
59374
59376
59377
59524
59525
59526
59527
59528
59529
59530
59531
59533
59534
59537
59578
59624
59627
59628
59630
59631
59632
59634
59635
59720
59721
59727
59728
59729
59730
59731
59733
59737
59745
59746
59747
59752
59753
59754
59765
59768
59771
59772
59774
59779
59781
59782
59783
59786
59787
59788
59789
59790
59791
59803
59804
59807
59810
59815
59816
59818
59819
59822
59823
59824
59826
59828
59829
59830
59832
59834
59837
59841
59842
59844
59845
59846
59847
59850
59851
59852
59856
59858
59859
59860
59861
59862
59863
59864
59866
59867
59868
59871
59872
59875
59901
59936
59937
59942
59944
59945
59946
59947
59948
59951
59952
59953
59954
59955
59956
59957
59958
59965
59989
59995
60005
60006
60007
60010
60017
60020
60024
60026
60028
60029
60031
60032
60033
60034
60038
60046
60047
60048
60051
60053
60057
60059
60060
60061
60062
60063
60064
60078
60080
60081
60082
60083
60084
60085
60087
60088
60089
60090
60092
60093
60094
60095
60096
60097
60098
60100
60101
60102
60103
60104
60106
60109
60110
60111
60112
60113
60114
60116
60117
60118
60119
60120
60121
60122
60124
60125
60127
60128
60129
60130
60131
60133
60134
60140
60144
60155
60156
60159
60163
60166
60167
60379
60383
60386
60387
60388
60390
60392
60393
60394
60395
60396
60398
60399
60400
60401
60442
60445
60466
60480
60508
60547
60549
60550
60561
60603
60608
60625
60627
60629
60632
60640
60646
60658
60681
60692
60702
60715
60746
60747
60748
60749
60750
60751
60752
60753
60754
60756
60757
60764
60765
60767
60768
60769
60770
60772
60773
60784
60802
60803
60812
60813
60815
60816
60825
60826
60827
60829
60830
60835
60836
60837
60838
60839
60840
60841
60842
60843
60846
60848
60849
60852
60853
60857
60880
60882
60883
60885
60886
60887
60891
60903
60904
60905
60907
60908
60909
60910
60911
60915
60923
60924
60925
60926
60927
60928
60929
60930
60931
60933
60934
60935
60936
60937
60938
60946
60977
60980
60981
60988
60995
61000
61001
61012
61024
61067
61070
61072
61077
61078
61079
61080
61081
61082
61083
61093
61100
61109
61110
61118
61126
61129
61135
61137
61222
61223
61224
61227
61228
61229
61540
61541
62730
62786
62788
62851
62853
62855
62856
62857
62858
62860
62861
62862
62869
62871
62872
62874
62875
62881
62883
62885
62886
62892
62893
62894
62895
62896
62904
62906
62907
62908
62909
62910
62918
62926
62927
62930
62931
62932
62939
62940
62941
62942
62943
62949
62952
62954
62956
62961
62976
62984
63011
63012
63143
63144
63148
63149
63153
63186
63196
63197
63198
63227
63251
63260
63263
63268
63271
63275
63276
63350
64003
64004
64044
64372
64375
64376
64408
64409
64410
64411
64412
64417
64421
64423
64424
64429
64435
64436
64437
64441
64442
64443
64444
64448
64454
64490
64537
64539
64540
65331
65333
65334
65336
65338
66182
66209
66254
66264
66269
66321
66324
66330
66343
66347
66354
66355
66372
66376
66378
66379
66382
66387
66395
66404
66409
66420
66425
66432
66436
66437
66440
66447
66454
66468
66478
66493
66497
66502
66503
66504
66505
66508
66509
66510
66512
66514
66516
66519
66521
66522
66525
66527
66530
66531
66565
66568
67005
67173
67176
67178
67180
67181
67188
67193
67195
67209
67212
67216
67217
67218
67219
67220
67221
67222
67223
67224
67225
67236
67241
67253
67260
67271
67274
67301
67302
67307
67309
67312
67325
67327
67330
67337
67338
67342
67344
67360
67362
67363
67364
67365
67366
67367
67368
67369
67370
67371
67372
67373
67374
67375
67376
67378
67379
67380
67381
67382
67385
67386
67387
67389
