5.0 0.0 0.0
5.41666666667 0.0 0.0
5.83333333333 0.0 0.0
6.25 0.0 0.0104301075269
6.66666666667 0.0 0.0274193548387
7.08333333333 0.0 0.034623655914
7.5 0.0 0.0335483870968
7.91666666667 0.0 0.0261290322581
8.33333333333 0.0 0.0118279569892
8.75 0.0 0.0116129032258
9.16666666667 0.0 0.0165591397849
9.58333333333 0.0 0.0329032258065
10.0 0.0 0.0174193548387
10.4166666667 0.0 0.0205376344086
10.8333333333 0.0 0.0150537634409
11.25 0.0 0.0440860215054
11.6666666667 0.0 0.0364516129032
12.0833333333 0.0 0.0251612903226
12.5 0.0 0.0429032258065
12.9166666667 0.0 0.0351612903226
13.3333333333 0.0 0.0176344086022
13.75 0.0 0.0577419354839
14.1666666667 0.0 0.0543010752688
14.5833333333 0.0 0.0527956989247
15.0 0.0 0.0

5.0 7.5 0.0
5.41666666667 7.5 0.0
5.83333333333 7.5 0.00236559139785
6.25 7.5 0.0369892473118
6.66666666667 7.5 0.0602150537634
7.08333333333 7.5 0.0821505376344
7.5 7.5 0.0855913978495
7.91666666667 7.5 0.0562365591398
8.33333333333 7.5 0.0562365591398
8.75 7.5 0.0296774193548
9.16666666667 7.5 0.0591397849462
9.58333333333 7.5 0.0590322580645
10.0 7.5 0.0587096774194
10.4166666667 7.5 0.111612903226
10.8333333333 7.5 0.141075268817
11.25 7.5 0.127634408602
11.6666666667 7.5 0.0913978494624
12.0833333333 7.5 0.117419354839
12.5 7.5 0.0840860215054
12.9166666667 7.5 0.126021505376
13.3333333333 7.5 0.0883870967742
13.75 7.5 0.133440860215
14.1666666667 7.5 0.163333333333
14.5833333333 7.5 0.120860215054
15.0 7.5 0.0

5.0 15.0 0.0
5.41666666667 15.0 0.00129032258065
5.83333333333 15.0 0.0282795698925
6.25 15.0 0.0813978494624
6.66666666667 15.0 0.185053763441
7.08333333333 15.0 0.161505376344
7.5 15.0 0.146344086022
7.91666666667 15.0 0.105053763441
8.33333333333 15.0 0.0759139784946
8.75 15.0 0.0660215053763
9.16666666667 15.0 0.0620430107527
9.58333333333 15.0 0.135698924731
10.0 15.0 0.126666666667
10.4166666667 15.0 0.193870967742
10.8333333333 15.0 0.178602150538
11.25 15.0 0.257634408602
11.6666666667 15.0 0.220215053763
12.0833333333 15.0 0.232903225806
12.5 15.0 0.142580645161
12.9166666667 15.0 0.178817204301
13.3333333333 15.0 0.200860215054
13.75 15.0 0.19688172043
14.1666666667 15.0 0.216344086022
14.5833333333 15.0 0.214838709677
15.0 15.0 0.0

5.0 22.5 0.0
5.41666666667 22.5 0.0041935483871
5.83333333333 22.5 0.0455913978495
6.25 22.5 0.107311827957
6.66666666667 22.5 0.162258064516
7.08333333333 22.5 0.276666666667
7.5 22.5 0.224193548387
7.91666666667 22.5 0.216559139785
8.33333333333 22.5 0.14623655914
8.75 22.5 0.14935483871
9.16666666667 22.5 0.0948387096774
9.58333333333 22.5 0.168924731183
10.0 22.5 0.186774193548
10.4166666667 22.5 0.211290322581
10.8333333333 22.5 0.26688172043
11.25 22.5 0.29376344086
11.6666666667 22.5 0.229892473118
12.0833333333 22.5 0.283333333333
12.5 22.5 0.248064516129
12.9166666667 22.5 0.236021505376
13.3333333333 22.5 0.289462365591
13.75 22.5 0.25376344086
14.1666666667 22.5 0.353870967742
14.5833333333 22.5 0.373870967742
15.0 22.5 0.0

5.0 30.0 0.0
5.41666666667 30.0 0.0102150537634
5.83333333333 30.0 0.0755913978495
6.25 30.0 0.218602150538
6.66666666667 30.0 0.25376344086
7.08333333333 30.0 0.255268817204
7.5 30.0 0.231182795699
7.91666666667 30.0 0.210107526882
8.33333333333 30.0 0.154516129032
8.75 30.0 0.15935483871
9.16666666667 30.0 0.21311827957
9.58333333333 30.0 0.239892473118
10.0 30.0 0.260967741935
10.4166666667 30.0 0.246021505376
10.8333333333 30.0 0.323548387097
11.25 30.0 0.355268817204
11.6666666667 30.0 0.343333333333
12.0833333333 30.0 0.424946236559
12.5 30.0 0.296666666667
12.9166666667 30.0 0.275161290323
13.3333333333 30.0 0.364946236559
13.75 30.0 0.398817204301
14.1666666667 30.0 0.472580645161
14.5833333333 30.0 0.473870967742
15.0 30.0 0.0

5.0 37.5 0.0
5.41666666667 37.5 0.0330107526882
5.83333333333 37.5 0.102365591398
6.25 37.5 0.320107526882
6.66666666667 37.5 0.290752688172
7.08333333333 37.5 0.297204301075
7.5 37.5 0.270322580645
7.91666666667 37.5 0.23
8.33333333333 37.5 0.196666666667
8.75 37.5 0.21247311828
9.16666666667 37.5 0.18688172043
9.58333333333 37.5 0.251075268817
10.0 37.5 0.333548387097
10.4166666667 37.5 0.29376344086
10.8333333333 37.5 0.392150537634
11.25 37.5 0.385806451613
11.6666666667 37.5 0.394408602151
12.0833333333 37.5 0.384731182796
12.5 37.5 0.398494623656
12.9166666667 37.5 0.418279569892
13.3333333333 37.5 0.456559139785
13.75 37.5 0.485376344086
14.1666666667 37.5 0.604086021505
14.5833333333 37.5 0.52064516129
15.0 37.5 0.0

5.0 45.0 0.0
5.41666666667 45.0 0.0643010752688
5.83333333333 45.0 0.172903225806
6.25 45.0 0.418172043011
6.66666666667 45.0 0.34247311828
7.08333333333 45.0 0.361827956989
7.5 45.0 0.296666666667
7.91666666667 45.0 0.248387096774
8.33333333333 45.0 0.216021505376
8.75 45.0 0.180860215054
9.16666666667 45.0 0.223440860215
9.58333333333 45.0 0.346129032258
10.0 45.0 0.347204301075
10.4166666667 45.0 0.36376344086
10.8333333333 45.0 0.421720430108
11.25 45.0 0.439247311828
11.6666666667 45.0 0.50935483871
12.0833333333 45.0 0.477634408602
12.5 45.0 0.462903225806
12.9166666667 45.0 0.465161290323
13.3333333333 45.0 0.538602150538
13.75 45.0 0.579569892473
14.1666666667 45.0 0.592795698925
14.5833333333 45.0 0.548602150538
15.0 45.0 0.0

5.0 52.5 0.00548387096774
5.41666666667 52.5 0.0655913978495
5.83333333333 52.5 0.233978494624
6.25 52.5 0.49623655914
6.66666666667 52.5 0.44623655914
7.08333333333 52.5 0.372795698925
7.5 52.5 0.291182795699
7.91666666667 52.5 0.208494623656
8.33333333333 52.5 0.188924731183
8.75 52.5 0.221182795699
9.16666666667 52.5 0.25
9.58333333333 52.5 0.371182795699
10.0 52.5 0.438602150538
10.4166666667 52.5 0.430107526882
10.8333333333 52.5 0.518279569892
11.25 52.5 0.442903225806
11.6666666667 52.5 0.496344086022
12.0833333333 52.5 0.422365591398
12.5 52.5 0.473978494624
12.9166666667 52.5 0.469569892473
13.3333333333 52.5 0.522580645161
13.75 52.5 0.642150537634
14.1666666667 52.5 0.683978494624
14.5833333333 52.5 0.758924731183
15.0 52.5 0.0

5.0 60.0 0.0116129032258
5.41666666667 60.0 0.12623655914
5.83333333333 60.0 0.310967741935
6.25 60.0 0.506989247312
6.66666666667 60.0 0.397311827957
7.08333333333 60.0 0.409247311828
7.5 60.0 0.26752688172
7.91666666667 60.0 0.173225806452
8.33333333333 60.0 0.240537634409
8.75 60.0 0.295268817204
9.16666666667 60.0 0.395806451613
9.58333333333 60.0 0.365161290323
10.0 60.0 0.414731182796
10.4166666667 60.0 0.534731182796
10.8333333333 60.0 0.497419354839
11.25 60.0 0.592580645161
11.6666666667 60.0 0.58623655914
12.0833333333 60.0 0.579247311828
12.5 60.0 0.558924731183
12.9166666667 60.0 0.526989247312
13.3333333333 60.0 0.628817204301
13.75 60.0 0.695591397849
14.1666666667 60.0 0.858387096774
14.5833333333 60.0 0.734623655914
15.0 60.0 0.0

5.0 67.5 0.0297849462366
5.41666666667 67.5 0.152365591398
5.83333333333 67.5 0.416666666667
6.25 67.5 0.471612903226
6.66666666667 67.5 0.413225806452
7.08333333333 67.5 0.32688172043
7.5 67.5 0.228279569892
7.91666666667 67.5 0.169247311828
8.33333333333 67.5 0.205053763441
8.75 67.5 0.214516129032
9.16666666667 67.5 0.378387096774
9.58333333333 67.5 0.452258064516
10.0 67.5 0.528064516129
10.4166666667 67.5 0.591397849462
10.8333333333 67.5 0.420537634409
11.25 67.5 0.575913978495
11.6666666667 67.5 0.605806451613
12.0833333333 67.5 0.65311827957
12.5 67.5 0.681720430108
12.9166666667 67.5 0.65623655914
13.3333333333 67.5 0.633440860215
13.75 67.5 0.759462365591
14.1666666667 67.5 0.749569892473
14.5833333333 67.5 0.845591397849
15.0 67.5 0.0

5.0 75.0 0.029247311828
5.41666666667 75.0 0.217741935484
5.83333333333 75.0 0.40064516129
6.25 75.0 0.557419354839
6.66666666667 75.0 0.376021505376
7.08333333333 75.0 0.31311827957
7.5 75.0 0.169784946237
7.91666666667 75.0 0.13752688172
8.33333333333 75.0 0.211720430108
8.75 75.0 0.219032258065
9.16666666667 75.0 0.394301075269
9.58333333333 75.0 0.461182795699
10.0 75.0 0.575591397849
10.4166666667 75.0 0.607741935484
10.8333333333 75.0 0.545591397849
11.25 75.0 0.567741935484
11.6666666667 75.0 0.522903225806
12.0833333333 75.0 0.695376344086
12.5 75.0 0.611290322581
12.9166666667 75.0 0.565806451613
13.3333333333 75.0 0.737204301075
13.75 75.0 0.81752688172
14.1666666667 75.0 0.780752688172
14.5833333333 75.0 0.890537634409
15.0 75.0 0.0

5.0 82.5 0.0493548387097
5.41666666667 82.5 0.211505376344
5.83333333333 82.5 0.339462365591
6.25 82.5 0.468172043011
6.66666666667 82.5 0.437096774194
7.08333333333 82.5 0.241075268817
7.5 82.5 0.207741935484
7.91666666667 82.5 0.17311827957
8.33333333333 82.5 0.171182795699
8.75 82.5 0.264193548387
9.16666666667 82.5 0.454838709677
9.58333333333 82.5 0.503870967742
10.0 82.5 0.527204301075
10.4166666667 82.5 0.574193548387
10.8333333333 82.5 0.52688172043
11.25 82.5 0.56311827957
11.6666666667 82.5 0.550537634409
12.0833333333 82.5 0.678279569892
12.5 82.5 0.644408602151
12.9166666667 82.5 0.688709677419
13.3333333333 82.5 0.826989247312
13.75 82.5 0.806451612903
14.1666666667 82.5 0.892903225806
14.5833333333 82.5 0.77935483871
15.0 82.5 0.0

5.0 90.0 0.0450537634409
5.41666666667 90.0 0.144086021505
5.83333333333 90.0 0.236451612903
6.25 90.0 0.488924731183
6.66666666667 90.0 0.361827956989
7.08333333333 90.0 0.215806451613
7.5 90.0 0.157849462366
7.91666666667 90.0 0.132258064516
8.33333333333 90.0 0.170430107527
8.75 90.0 0.255698924731
9.16666666667 90.0 0.351182795699
9.58333333333 90.0 0.536989247312
10.0 90.0 0.628387096774
10.4166666667 90.0 0.540752688172
10.8333333333 90.0 0.60688172043
11.25 90.0 0.478602150538
11.6666666667 90.0 0.580967741935
12.0833333333 90.0 0.614838709677
12.5 90.0 0.654946236559
12.9166666667 90.0 0.675483870968
13.3333333333 90.0 0.775161290323
13.75 90.0 0.836344086022
14.1666666667 90.0 0.860430107527
14.5833333333 90.0 0.862688172043
15.0 90.0 0.0

5.0 97.5 0.0393548387097
5.41666666667 97.5 0.0710752688172
5.83333333333 97.5 0.173655913978
6.25 97.5 0.312365591398
6.66666666667 97.5 0.32
7.08333333333 97.5 0.202258064516
7.5 97.5 0.180860215054
7.91666666667 97.5 0.124946236559
8.33333333333 97.5 0.167956989247
8.75 97.5 0.215698924731
9.16666666667 97.5 0.410860215054
9.58333333333 97.5 0.53376344086
10.0 97.5 0.575913978495
10.4166666667 97.5 0.533978494624
10.8333333333 97.5 0.436451612903
11.25 97.5 0.54
11.6666666667 97.5 0.60311827957
12.0833333333 97.5 0.553333333333
12.5 97.5 0.787849462366
12.9166666667 97.5 0.705161290323
13.3333333333 97.5 0.851397849462
13.75 97.5 0.867956989247
14.1666666667 97.5 0.733870967742
14.5833333333 97.5 0.905161290323
15.0 97.5 0.0

5.0 105.0 0.0117204301075
5.41666666667 105.0 0.0356989247312
5.83333333333 105.0 0.135161290323
6.25 105.0 0.179892473118
6.66666666667 105.0 0.22
7.08333333333 105.0 0.12688172043
7.5 105.0 0.137956989247
7.91666666667 105.0 0.172258064516
8.33333333333 105.0 0.213225806452
8.75 105.0 0.212688172043
9.16666666667 105.0 0.389462365591
9.58333333333 105.0 0.538064516129
10.0 105.0 0.576559139785
10.4166666667 105.0 0.49376344086
10.8333333333 105.0 0.492258064516
11.25 105.0 0.510215053763
11.6666666667 105.0 0.466451612903
12.0833333333 105.0 0.644623655914
12.5 105.0 0.712258064516
12.9166666667 105.0 0.698709677419
13.3333333333 105.0 0.708709677419
13.75 105.0 0.665161290323
14.1666666667 105.0 0.805268817204
14.5833333333 105.0 1.0147311828
15.0 105.0 0.0

5.0 112.5 0.00752688172043
5.41666666667 112.5 0.032688172043
5.83333333333 112.5 0.0817204301075
6.25 112.5 0.148602150538
6.66666666667 112.5 0.204301075269
7.08333333333 112.5 0.141720430108
7.5 112.5 0.137096774194
7.91666666667 112.5 0.175053763441
8.33333333333 112.5 0.18688172043
8.75 112.5 0.283978494624
9.16666666667 112.5 0.356129032258
9.58333333333 112.5 0.49
10.0 112.5 0.540215053763
10.4166666667 112.5 0.470752688172
10.8333333333 112.5 0.383655913978
11.25 112.5 0.449569892473
11.6666666667 112.5 0.50623655914
12.0833333333 112.5 0.586989247312
12.5 112.5 0.671075268817
12.9166666667 112.5 0.624408602151
13.3333333333 112.5 0.695161290323
13.75 112.5 0.700322580645
14.1666666667 112.5 0.813010752688
14.5833333333 112.5 0.776559139785
15.0 112.5 0.0

5.0 120.0 0.00333333333333
5.41666666667 120.0 0.0144086021505
5.83333333333 120.0 0.0276344086022
6.25 120.0 0.110860215054
6.66666666667 120.0 0.106774193548
7.08333333333 120.0 0.126774193548
7.5 120.0 0.130215053763
7.91666666667 120.0 0.152365591398
8.33333333333 120.0 0.177741935484
8.75 120.0 0.216666666667
9.16666666667 120.0 0.286559139785
9.58333333333 120.0 0.440967741935
10.0 120.0 0.466021505376
10.4166666667 120.0 0.536559139785
10.8333333333 120.0 0.507419354839
11.25 120.0 0.450537634409
11.6666666667 120.0 0.501290322581
12.0833333333 120.0 0.552258064516
12.5 120.0 0.586559139785
12.9166666667 120.0 0.568924731183
13.3333333333 120.0 0.524301075269
13.75 120.0 0.675053763441
14.1666666667 120.0 0.821612903226
14.5833333333 120.0 0.714193548387
15.0 120.0 0.0

5.0 127.5 0.0
5.41666666667 127.5 0.0094623655914
5.83333333333 127.5 0.0352688172043
6.25 127.5 0.0576344086022
6.66666666667 127.5 0.0991397849462
7.08333333333 127.5 0.115053763441
7.5 127.5 0.128172043011
7.91666666667 127.5 0.168172043011
8.33333333333 127.5 0.212043010753
8.75 127.5 0.199032258065
9.16666666667 127.5 0.213440860215
9.58333333333 127.5 0.371935483871
10.0 127.5 0.365806451613
10.4166666667 127.5 0.414623655914
10.8333333333 127.5 0.503870967742
11.25 127.5 0.422688172043
11.6666666667 127.5 0.433225806452
12.0833333333 127.5 0.548602150538
12.5 127.5 0.533440860215
12.9166666667 127.5 0.593225806452
13.3333333333 127.5 0.559247311828
13.75 127.5 0.595698924731
14.1666666667 127.5 0.695161290323
14.5833333333 127.5 0.797204301075
15.0 127.5 0.0

5.0 135.0 0.0
5.41666666667 135.0 0.0
5.83333333333 135.0 0.00720430107527
6.25 135.0 0.0132258064516
6.66666666667 135.0 0.0762365591398
7.08333333333 135.0 0.130967741935
7.5 135.0 0.157204301075
7.91666666667 135.0 0.197634408602
8.33333333333 135.0 0.179462365591
8.75 135.0 0.128709677419
9.16666666667 135.0 0.242365591398
9.58333333333 135.0 0.327096774194
10.0 135.0 0.311612903226
10.4166666667 135.0 0.371075268817
10.8333333333 135.0 0.390322580645
11.25 135.0 0.429569892473
11.6666666667 135.0 0.353440860215
12.0833333333 135.0 0.423225806452
12.5 135.0 0.485591397849
12.9166666667 135.0 0.480967741935
13.3333333333 135.0 0.553225806452
13.75 135.0 0.628064516129
14.1666666667 135.0 0.641935483871
14.5833333333 135.0 0.642795698925
15.0 135.0 0.0

5.0 142.5 0.0
5.41666666667 142.5 0.0
5.83333333333 142.5 0.000860215053763
6.25 142.5 0.0249462365591
6.66666666667 142.5 0.0644086021505
7.08333333333 142.5 0.0808602150538
7.5 142.5 0.0859139784946
7.91666666667 142.5 0.10688172043
8.33333333333 142.5 0.134301075269
8.75 142.5 0.117634408602
9.16666666667 142.5 0.18688172043
9.58333333333 142.5 0.299247311828
10.0 142.5 0.26247311828
10.4166666667 142.5 0.324731182796
10.8333333333 142.5 0.349032258065
11.25 142.5 0.323225806452
11.6666666667 142.5 0.350537634409
12.0833333333 142.5 0.369247311828
12.5 142.5 0.376129032258
12.9166666667 142.5 0.429032258065
13.3333333333 142.5 0.492258064516
13.75 142.5 0.436774193548
14.1666666667 142.5 0.490215053763
14.5833333333 142.5 0.572688172043
15.0 142.5 0.0

5.0 150.0 0.0
5.41666666667 150.0 0.0
5.83333333333 150.0 0.0
6.25 150.0 0.000537634408602
6.66666666667 150.0 0.0548387096774
7.08333333333 150.0 0.106021505376
7.5 150.0 0.0858064516129
7.91666666667 150.0 0.108064516129
8.33333333333 150.0 0.0667741935484
8.75 150.0 0.087311827957
9.16666666667 150.0 0.213333333333
9.58333333333 150.0 0.331935483871
10.0 150.0 0.227956989247
10.4166666667 150.0 0.259892473118
10.8333333333 150.0 0.244408602151
11.25 150.0 0.241397849462
11.6666666667 150.0 0.258494623656
12.0833333333 150.0 0.250537634409
12.5 150.0 0.240215053763
12.9166666667 150.0 0.278387096774
13.3333333333 150.0 0.353548387097
13.75 150.0 0.354408602151
14.1666666667 150.0 0.485376344086
14.5833333333 150.0 0.433225806452
15.0 150.0 0.0

5.0 157.5 0.0
5.41666666667 157.5 0.0
5.83333333333 157.5 0.0
6.25 157.5 0.0
6.66666666667 157.5 0.0138709677419
7.08333333333 157.5 0.0591397849462
7.5 157.5 0.0343010752688
7.91666666667 157.5 0.0749462365591
8.33333333333 157.5 0.0352688172043
8.75 157.5 0.0796774193548
9.16666666667 157.5 0.130860215054
9.58333333333 157.5 0.192580645161
10.0 157.5 0.235268817204
10.4166666667 157.5 0.181182795699
10.8333333333 157.5 0.241720430108
11.25 157.5 0.168279569892
11.6666666667 157.5 0.163870967742
12.0833333333 157.5 0.226989247312
12.5 157.5 0.183870967742
12.9166666667 157.5 0.227634408602
13.3333333333 157.5 0.256344086022
13.75 157.5 0.249247311828
14.1666666667 157.5 0.206021505376
14.5833333333 157.5 0.358279569892
15.0 157.5 0.0

5.0 165.0 0.0
5.41666666667 165.0 0.0
5.83333333333 165.0 0.0
6.25 165.0 0.0
6.66666666667 165.0 0.00698924731183
7.08333333333 165.0 0.0243010752688
7.5 165.0 0.0156989247312
7.91666666667 165.0 0.0359139784946
8.33333333333 165.0 0.0203225806452
8.75 165.0 0.0470967741935
9.16666666667 165.0 0.0923655913978
9.58333333333 165.0 0.151720430108
10.0 165.0 0.161827956989
10.4166666667 165.0 0.129677419355
10.8333333333 165.0 0.133870967742
11.25 165.0 0.101182795699
11.6666666667 165.0 0.0925806451613
12.0833333333 165.0 0.108279569892
12.5 165.0 0.0921505376344
12.9166666667 165.0 0.184946236559
13.3333333333 165.0 0.167419354839
13.75 165.0 0.154731182796
14.1666666667 165.0 0.137096774194
14.5833333333 165.0 0.143333333333
15.0 165.0 0.0

5.0 172.5 0.0
5.41666666667 172.5 0.0
5.83333333333 172.5 0.0
6.25 172.5 0.0
6.66666666667 172.5 0.00462365591398
7.08333333333 172.5 0.000645161290323
7.5 172.5 0.00258064516129
7.91666666667 172.5 0.00935483870968
8.33333333333 172.5 0.00344086021505
8.75 172.5 0.00935483870968
9.16666666667 172.5 0.034623655914
9.58333333333 172.5 0.0383870967742
10.0 172.5 0.030752688172
10.4166666667 172.5 0.0402150537634
10.8333333333 172.5 0.0283870967742
11.25 172.5 0.0349462365591
11.6666666667 172.5 0.0412903225806
12.0833333333 172.5 0.0264516129032
12.5 172.5 0.0194623655914
12.9166666667 172.5 0.0844086021505
13.3333333333 172.5 0.0691397849462
13.75 172.5 0.068064516129
14.1666666667 172.5 0.0297849462366
14.5833333333 172.5 0.0659139784946
15.0 172.5 0.0

5.0 180.0 0.0
5.41666666667 180.0 0.0
5.83333333333 180.0 0.0
6.25 180.0 0.0
6.66666666667 180.0 0.0
7.08333333333 180.0 0.0
7.5 180.0 0.0
7.91666666667 180.0 0.0
8.33333333333 180.0 0.0
8.75 180.0 0.0
9.16666666667 180.0 0.0
9.58333333333 180.0 0.0
10.0 180.0 0.0
10.4166666667 180.0 0.0
10.8333333333 180.0 0.0
11.25 180.0 0.0
11.6666666667 180.0 0.0
12.0833333333 180.0 0.0
12.5 180.0 0.0
12.9166666667 180.0 0.0
13.3333333333 180.0 0.0
13.75 180.0 0.0
14.1666666667 180.0 0.0
14.5833333333 180.0 0.0
15.0 180.0 0.0

