0 0.956121 0.937317 0.916857 0.887001 0.839386 0.768462 0.616273 0.396346 
1 0.959815 0.942536 0.923702 0.896153 0.852053 0.785962 0.642302 0.428958 
2 0.964286 0.948867 0.932024 0.907317 0.867587 0.807606 0.675173 0.471897 
3 0.967678 0.953681 0.938366 0.915853 0.879525 0.824373 0.701155 0.507217 
4 0.968352 0.954638 0.939628 0.917554 0.881911 0.827739 0.706423 0.514527 
5 0.965992 0.951287 0.935210 0.911603 0.873575 0.816002 0.688127 0.489354 
6 0.961766 0.945296 0.927328 0.901013 0.858804 0.795343 0.656457 0.447208 
7 0.957527 0.939301 0.919458 0.890476 0.844188 0.775080 0.626059 0.408462 
8 0.954989 0.935720 0.914766 0.884211 0.835537 0.763170 0.608500 0.386846 
9 0.955141 0.935934 0.915046 0.884585 0.836052 0.763878 0.609537 0.388107 
10 0.957948 0.939897 0.920239 0.891520 0.845632 0.777075 0.629022 0.412165 
11 0.962344 0.946115 0.928404 0.902457 0.860813 0.798143 0.660709 0.452761 
12 0.966492 0.951996 0.936145 0.912861 0.875335 0.818474 0.691963 0.494582 
13 0.968463 0.954796 0.939836 0.917835 0.882305 0.828296 0.707297 0.515745 
14 0.967314 0.953163 0.937683 0.914933 0.878235 0.822557 0.698318 0.503302 
15 0.963671 0.947995 0.930877 0.905776 0.865438 0.804599 0.670562 0.465755 
16 0.959247 0.941732 0.922647 0.894741 0.850094 0.783247 0.638231 0.423776 
17 0.955841 0.936922 0.916340 0.886311 0.838434 0.767151 0.614344 0.393979 
18 0.954773 0.935414 0.914365 0.883677 0.834801 0.762159 0.607020 0.385051 
19 0.956498 0.937849 0.917554 0.887932 0.840673 0.770233 0.618885 0.399563 
20 0.960371 0.943322 0.924734 0.897536 0.853972 0.788625 0.646306 0.434083 
21 0.964853 0.949671 0.933082 0.908740 0.869573 0.810387 0.679452 0.477630 
22 0.967960 0.954081 0.938893 0.916564 0.880522 0.825779 0.703353 0.510261 
23 0.968167 0.954375 0.939281 0.917086 0.881254 0.826812 0.704971 0.512507 
24 0.965446 0.950512 0.934189 0.910229 0.871653 0.813304 0.683952 0.483694 
25 0.961135 0.944404 0.926154 0.899439 0.856616 0.792299 0.651848 0.441226 
26 0.957082 0.938674 0.918635 0.889377 0.842668 0.772983 0.622950 0.404595 
27 0.954920 0.935622 0.914638 0.884040 0.835301 0.762846 0.608025 0.386270 
28 0.955472 0.936401 0.915657 0.885400 0.837177 0.765423 0.611804 0.390871 
29 0.958549 0.940746 0.921352 0.893009 0.847694 0.779925 0.633267 0.417498 
30 0.962981 0.947017 0.929589 0.904048 0.863028 0.801233 0.665416 0.458947 
31 0.966904 0.952581 0.936915 0.913898 0.876787 0.820517 0.695139 0.498931 
32 0.968457 0.954788 0.939825 0.917820 0.882284 0.828266 0.707250 0.515680 
33 0.966899 0.952575 0.936907 0.913888 0.876772 0.820497 0.695108 0.498888 
34 0.963049 0.947114 0.929717 0.904219 0.863267 0.801567 0.665926 0.459619 
35 0.958693 0.940949 0.921619 0.893365 0.848188 0.780608 0.634286 0.418783 
36 0.955593 0.936571 0.915880 0.885697 0.837587 0.765987 0.612632 0.391883 
37 0.954909 0.935607 0.914618 0.884014 0.835265 0.762797 0.607953 0.386182 
38 0.956987 0.938539 0.918458 0.889140 0.842341 0.772532 0.622284 0.403768 
39 0.961040 0.944268 0.925977 0.899201 0.856285 0.791839 0.651153 0.440327 
40 0.965408 0.950459 0.934119 0.910135 0.871522 0.813120 0.683667 0.483310 
41 0.968160 0.954365 0.939268 0.917068 0.881229 0.826777 0.704916 0.512431 
42 0.967906 0.954004 0.938792 0.916427 0.880330 0.825509 0.702931 0.509676 
43 0.964851 0.949668 0.933078 0.908735 0.869566 0.810377 0.679436 0.477608 
44 0.960515 0.943526 0.925001 0.897894 0.854469 0.789316 0.647346 0.435419 
45 0.956698 0.938132 0.917925 0.888427 0.841356 0.771174 0.620275 0.401280 
46 0.954893 0.935584 0.914588 0.883973 0.835209 0.762720 0.607840 0.386046 
47 0.955835 0.936914 0.916329 0.886297 0.838414 0.767124 0.614304 0.393929 
48 0.959168 0.941621 0.922501 0.894546 0.849824 0.782872 0.637670 0.423064 
49 0.963638 0.947949 0.930815 0.905694 0.865323 0.804438 0.670315 0.465428 
50 0.967282 0.953119 0.937624 0.914854 0.878125 0.822401 0.698075 0.502967 
51 0.968372 0.954666 0.939665 0.917604 0.881981 0.827838 0.706579 0.514745 
52 0.966416 0.951889 0.936003 0.912670 0.875068 0.818099 0.691381 0.493787 
53 0.962413 0.946213 0.928533 0.902630 0.861054 0.798478 0.661219 0.453429 
54 0.958179 0.940223 0.920667 0.892092 0.846425 0.778170 0.630651 0.414208 
55 0.955389 0.936284 0.915504 0.885195 0.836894 0.765034 0.611233 0.390174 
56 0.955129 0.935918 0.915024 0.884556 0.836012 0.763823 0.609456 0.388010 
57 0.957528 0.939303 0.919460 0.890479 0.844192 0.775086 0.626067 0.408472 
58 0.961718 0.945229 0.927238 0.900893 0.858637 0.795111 0.656106 0.446751 
59 0.965947 0.951223 0.935126 0.911489 0.873416 0.815778 0.687780 0.488883 
60 0.968278 0.954533 0.939490 0.917368 0.881650 0.827370 0.705846 0.513723 
61 0.967563 0.953517 0.938149 0.915561 0.879116 0.823797 0.700254 0.505972 
62 0.964241 0.948803 0.931939 0.907204 0.867429 0.807384 0.674832 0.471441 
63 0.959897 0.942651 0.923853 0.896356 0.852334 0.786352 0.642887 0.429704 
64 0.956362 0.937658 0.917303 0.887598 0.840210 0.769596 0.617945 0.398404 
65 0.954961 0.935680 0.914714 0.884141 0.835441 0.763038 0.608307 0.386612 
66 0.956259 0.937512 0.917112 0.887342 0.839858 0.769111 0.617229 0.397523 
67 0.959820 0.942542 0.923710 0.896165 0.852069 0.785984 0.642334 0.428999 
68 0.964252 0.948819 0.931961 0.907233 0.867469 0.807441 0.674920 0.471558 
69 0.967622 0.953601 0.938260 0.915711 0.879326 0.824093 0.700716 0.506611 
70 0.968245 0.954485 0.939426 0.917282 0.881530 0.827201 0.705580 0.513354 
71 0.965861 0.951101 0.934966 0.911274 0.873115 0.815355 0.687125 0.487994 
72 0.961718 0.945229 0.927238 0.900893 0.858637 0.795111 0.656106 0.446751 
73 0.957650 0.939476 0.919687 0.890782 0.844611 0.775664 0.626926 0.409545 
74 0.955274 0.936122 0.915291 0.884912 0.836503 0.764497 0.610445 0.389214 
75 0.955450 0.936370 0.915616 0.885345 0.837101 0.765319 0.611651 0.390684 
76 0.958162 0.940199 0.920635 0.892050 0.846366 0.778089 0.630531 0.414057 
77 0.962410 0.946209 0.928527 0.902622 0.861042 0.798462 0.661195 0.453398 
78 0.966423 0.951899 0.936016 0.912688 0.875093 0.818135 0.691436 0.493862 
79 0.968331 0.954608 0.939589 0.917501 0.881837 0.827634 0.706259 0.514299 
80 0.967198 0.952998 0.937465 0.914639 0.877825 0.821978 0.697416 0.502059 
81 0.963603 0.947899 0.930750 0.905606 0.865200 0.804267 0.670053 0.465080 
82 0.959241 0.941724 0.922636 0.894727 0.850075 0.783220 0.638191 0.423725 
83 0.955959 0.937088 0.916558 0.886602 0.838835 0.767703 0.615156 0.394974 
84 0.955015 0.935757 0.914814 0.884275 0.835625 0.763291 0.608676 0.387061 
85 0.956786 0.938256 0.918087 0.888644 0.841656 0.771587 0.620886 0.402036 
86 0.960565 0.943596 0.925094 0.898018 0.854641 0.789555 0.647706 0.435882 
87 0.964882 0.949712 0.933136 0.908814 0.869676 0.810531 0.679674 0.477927 
88 0.967846 0.953919 0.938680 0.916276 0.880118 0.825209 0.702462 0.509026 
89 0.968026 0.954175 0.939017 0.916730 0.880755 0.826109 0.703869 0.510977 
90 0.965350 0.950376 0.934010 0.909989 0.871318 0.812833 0.683225 0.482712 
91 0.961107 0.944363 0.926101 0.899368 0.856517 0.792162 0.651640 0.440957 
92 0.957140 0.938755 0.918742 0.889519 0.842865 0.773254 0.623352 0.405094 
93 0.955067 0.935830 0.914909 0.884402 0.835801 0.763532 0.609030 0.387491 
94 0.955697 0.936718 0.916072 0.885954 0.837941 0.766473 0.613347 0.392758 
95 0.958772 0.941061 0.921765 0.893561 0.848460 0.780984 0.634847 0.419492 
96 0.963108 0.947197 0.929827 0.904367 0.863473 0.801854 0.666364 0.460197 
97 0.966880 0.952547 0.936871 0.913839 0.876704 0.820401 0.694959 0.498683 
98 0.968319 0.954591 0.939566 0.917471 0.881794 0.827574 0.706166 0.514169 
99 0.966749 0.952361 0.936626 0.913509 0.876241 0.819749 0.693945 0.497293 
100 0.962987 0.947026 0.929601 0.904064 0.863051 0.801264 0.665464 0.459010 
101 0.958742 0.941019 0.921711 0.893489 0.848359 0.780844 0.634639 0.419229 
102 0.955691 0.936710 0.916062 0.885940 0.837921 0.766446 0.613307 0.392709 
103 0.955091 0.935863 0.914953 0.884460 0.835880 0.763642 0.609191 0.387687 
104 0.957213 0.938859 0.918878 0.889701 0.843116 0.773601 0.623866 0.405732 
105 0.961225 0.944531 0.926322 0.899664 0.856928 0.792732 0.652503 0.442074 
106 0.965457 0.950528 0.934210 0.910257 0.871693 0.813360 0.684039 0.483812 
107 0.968037 0.954190 0.939038 0.916758 0.880794 0.826164 0.703955 0.511097 
108 0.967755 0.953789 0.938509 0.916045 0.879795 0.824754 0.701750 0.508040 
109 0.964778 0.949564 0.932941 0.908551 0.869309 0.810017 0.678882 0.476864 
110 0.960520 0.943534 0.925012 0.897908 0.854489 0.789342 0.647386 0.435471 
111 0.956768 0.938230 0.918053 0.888598 0.841593 0.771500 0.620757 0.401877 
112 0.955029 0.935777 0.914840 0.884309 0.835673 0.763356 0.608773 0.387178 
113 0.956032 0.937192 0.916693 0.886783 0.839085 0.768047 0.615662 0.395596 
114 0.959381 0.941923 0.922896 0.895075 0.850558 0.783889 0.639193 0.424998 
115 0.963726 0.948074 0.930980 0.905915 0.865631 0.804869 0.670975 0.466303 
116 0.967232 0.953047 0.937530 0.914726 0.877946 0.822150 0.697683 0.502427 
117 0.968235 0.954471 0.939408 0.917257 0.881494 0.827151 0.705502 0.513246 
118 0.966292 0.951713 0.935771 0.912358 0.874631 0.817486 0.690428 0.492487 
119 0.962394 0.946186 0.928497 0.902581 0.860986 0.798384 0.661075 0.453241 
120 0.958246 0.940318 0.920791 0.892258 0.846655 0.778488 0.631125 0.414803 
121 0.955493 0.936431 0.915696 0.885452 0.837249 0.765521 0.611948 0.391048 
122 0.955264 0.936108 0.915274 0.884889 0.836471 0.764453 0.610381 0.389135 
123 0.957728 0.939586 0.919831 0.890974 0.844878 0.776032 0.627472 0.410227 
124 0.961888 0.945469 0.927554 0.901317 0.859227 0.795932 0.657351 0.448373 
125 0.965953 0.951232 0.935137 0.911505 0.873438 0.815809 0.687827 0.488947 
126 0.968140 0.954337 0.939230 0.917018 0.881159 0.826678 0.704760 0.512214 
127 0.967419 0.953312 0.937879 0.915197 0.878606 0.823079 0.699134 0.504426 
128 0.964213 0.948764 0.931888 0.907135 0.867333 0.807250 0.674626 0.471166 
129 0.959988 0.942780 0.924022 0.896583 0.852649 0.786789 0.643544 0.430544 
130 0.956434 0.937759 0.917436 0.887775 0.840455 0.769933 0.618443 0.399018 
131 0.955049 0.935805 0.914877 0.884359 0.835741 0.763450 0.608910 0.387345 
132 0.956426 0.937748 0.917421 0.887755 0.840427 0.769895 0.618387 0.398949 
133 0.960003 0.942802 0.924051 0.896622 0.852703 0.786864 0.643656 0.430687 
134 0.964330 0.948930 0.932106 0.907428 0.867742 0.807823 0.675507 0.472342 
135 0.967503 0.953432 0.938038 0.915411 0.878906 0.823501 0.699792 0.505334 
136 0.968064 0.954229 0.939088 0.916826 0.880890 0.826298 0.704166 0.511389 
137 0.965808 0.951025 0.934866 0.911139 0.872926 0.815090 0.686715 0.487437 
138 0.961840 0.945401 0.927465 0.901198 0.859061 0.795701 0.657000 0.447915 
139 0.957825 0.939723 0.920011 0.891215 0.845210 0.776491 0.628154 0.411080 
140 0.955335 0.936208 0.915404 0.885062 0.836711 0.764782 0.610863 0.389723 
141 0.955499 0.936439 0.915707 0.885466 0.837268 0.765549 0.611989 0.391097 
142 0.958313 0.940413 0.920915 0.892424 0.846885 0.778806 0.631598 0.415398 
143 0.962519 0.946363 0.928730 0.902894 0.861422 0.798991 0.662000 0.454454 
144 0.966367 0.951819 0.935911 0.912547 0.874895 0.817856 0.691003 0.493271 
145 0.968166 0.954373 0.939279 0.917083 0.881251 0.826807 0.704963 0.512496 
146 0.967042 0.952777 0.937173 0.914246 0.877274 0.821203 0.696207 0.500397 
147 0.963655 0.947973 0.930847 0.905736 0.865382 0.804521 0.670442 0.465596 
148 0.959514 0.942110 0.923142 0.895404 0.851013 0.784521 0.640139 0.426201 
149 0.956195 0.937422 0.916994 0.887185 0.839640 0.768811 0.616787 0.396979 
150 0.955111 0.935891 0.914990 0.884509 0.835948 0.763735 0.609328 0.387853 
151 0.956837 0.938327 0.918181 0.888770 0.841829 0.771826 0.621239 0.402473 
152 0.960636 0.943698 0.925227 0.898197 0.854890 0.789900 0.648226 0.436551 
153 0.964889 0.949721 0.933148 0.908829 0.869698 0.810562 0.679721 0.477991 
154 0.967725 0.953747 0.938452 0.915969 0.879688 0.824604 0.701515 0.507715 
155 0.967819 0.953881 0.938629 0.916207 0.880022 0.825074 0.702250 0.508733 
156 0.965253 0.950239 0.933830 0.909746 0.870978 0.812357 0.682490 0.481720 
157 0.961295 0.944630 0.926452 0.899839 0.857171 0.793071 0.653015 0.442737 
158 0.957509 0.939277 0.919426 0.890433 0.844129 0.774999 0.625938 0.408312 
159 0.955358 0.936241 0.915447 0.885120 0.836790 0.764892 0.611024 0.389919 
160 0.955842 0.936924 0.916342 0.886314 0.838438 0.767157 0.614352 0.393988 
161 0.958862 0.941188 0.921933 0.893785 0.848770 0.781414 0.635489 0.420303 
162 0.963106 0.947194 0.929823 0.904361 0.863465 0.801843 0.666348 0.460176 
163 0.966771 0.952393 0.936668 0.913565 0.876320 0.819861 0.694118 0.497530 
164 0.968120 0.954308 0.939193 0.916968 0.881088 0.826578 0.704604 0.511997 
165 0.966579 0.952119 0.936307 0.913080 0.875641 0.818905 0.692632 0.495496 
166 0.963040 0.947100 0.929699 0.904195 0.863234 0.801520 0.665854 0.459525 
167 0.959014 0.941403 0.922215 0.894163 0.849293 0.782138 0.636572 0.421673 
168 0.956038 0.937200 0.916704 0.886797 0.839105 0.768074 0.615702 0.395645 
169 0.955413 0.936318 0.915549 0.885256 0.836978 0.765149 0.611402 0.390380 
170 0.957425 0.939157 0.919269 0.890223 0.843839 0.774598 0.625344 0.407571 
171 0.961269 0.944593 0.926403 0.899773 0.857080 0.792944 0.652823 0.442488 
172 0.965376 0.950413 0.934059 0.910054 0.871409 0.812961 0.683423 0.482979 
173 0.967859 0.953938 0.938704 0.916308 0.880164 0.825274 0.702563 0.509167 
174 0.967536 0.953478 0.938098 0.915492 0.879020 0.823662 0.700043 0.505680 
175 0.964694 0.949445 0.932785 0.908341 0.869015 0.809606 0.678249 0.476014 
176 0.960668 0.943743 0.925287 0.898277 0.855001 0.790054 0.648458 0.436850 
177 0.957102 0.938702 0.918672 0.889425 0.842735 0.773075 0.623087 0.404764 
178 0.955412 0.936317 0.915547 0.885253 0.836974 0.765144 0.611394 0.390370 
179 0.956308 0.937581 0.917203 0.887463 0.840024 0.769340 0.617567 0.397938 
180 0.959561 0.942176 0.923229 0.895520 0.851175 0.784745 0.640475 0.426629 
181 0.963757 0.948117 0.931037 0.905992 0.865738 0.805019 0.671205 0.466609 
182 0.967068 0.952814 0.937223 0.914313 0.877367 0.821334 0.696412 0.500678 
183 0.967991 0.954125 0.938951 0.916642 0.880632 0.825934 0.703596 0.510598 
184 0.966104 0.951446 0.935420 0.911886 0.873970 0.816556 0.688986 0.490523 
185 0.962425 0.946230 0.928555 0.902659 0.861095 0.798536 0.661306 0.453544 
186 0.958507 0.940687 0.921275 0.892905 0.847551 0.779726 0.632970 0.417124 
187 0.955863 0.936954 0.916381 0.886366 0.838509 0.767255 0.614497 0.394166 
188 0.955647 0.936649 0.915982 0.885833 0.837774 0.766244 0.613009 0.392345 
189 0.958011 0.939985 0.920355 0.891675 0.845847 0.777371 0.629463 0.412718 
190 0.961996 0.945623 0.927757 0.901588 0.859604 0.796458 0.658149 0.449413 
191 0.965873 0.951118 0.934987 0.911303 0.873155 0.815411 0.687212 0.488111 
192 0.967917 0.954020 0.938813 0.916455 0.880369 0.825564 0.703017 0.509795 
193 0.967183 0.952978 0.937439 0.914604 0.877775 0.821908 0.697306 0.501908 
194 0.964100 0.948604 0.931677 0.906852 0.866938 0.806697 0.673777 0.470033 
195 0.960098 0.942936 0.924227 0.896857 0.853029 0.787316 0.644336 0.431558 
196 0.956766 0.938228 0.918051 0.888596 0.841589 0.771495 0.620749 0.401867 
197 0.955460 0.936385 0.915636 0.885371 0.837137 0.765368 0.611723 0.390773 
198 0.956798 0.938272 0.918108 0.888673 0.841695 0.771642 0.620966 0.402135 
199 0.960235 0.943129 0.924481 0.897197 0.853501 0.787971 0.645321 0.432820 
200 0.964360 0.948971 0.932161 0.907502 0.867845 0.807967 0.675729 0.472639 
201 0.967339 0.953199 0.937730 0.914996 0.878325 0.822683 0.698514 0.503572 
202 0.967817 0.953878 0.938625 0.916202 0.880015 0.825064 0.702235 0.508711 
203 0.965588 0.950713 0.934454 0.910586 0.872152 0.814004 0.685034 0.485158 
204 0.961796 0.945340 0.927384 0.901089 0.858909 0.795490 0.656680 0.447499 
205 0.958029 0.940011 0.920389 0.891720 0.845910 0.777458 0.629592 0.412879 
206 0.955730 0.936766 0.916135 0.886038 0.838056 0.766632 0.613580 0.393043 
207 0.955959 0.937088 0.916558 0.886602 0.838835 0.767703 0.615156 0.394974 
208 0.958637 0.940871 0.921516 0.893228 0.847998 0.780345 0.633893 0.418287 
209 0.962677 0.946586 0.929023 0.903287 0.861969 0.799755 0.663163 0.455981 
210 0.966321 0.951754 0.935825 0.912431 0.874732 0.817628 0.690648 0.492787 
211 0.967925 0.954031 0.938828 0.916475 0.880398 0.825604 0.703080 0.509882 
212 0.966773 0.952396 0.936671 0.913570 0.876327 0.819871 0.694134 0.497552 
213 0.963502 0.947756 0.930561 0.905353 0.864847 0.803774 0.669298 0.464078 
214 0.959534 0.942138 0.923179 0.895454 0.851083 0.784617 0.640283 0.426384 
215 0.956456 0.937790 0.917477 0.887829 0.840530 0.770037 0.618596 0.399206 
216 0.955585 0.936561 0.915867 0.885680 0.837563 0.765954 0.612583 0.391824 
217 0.957304 0.938987 0.919046 0.889925 0.843427 0.774030 0.624501 0.406522 
218 0.960941 0.944128 0.925793 0.898955 0.855943 0.791363 0.650433 0.439397 
219 0.964928 0.949778 0.933222 0.908929 0.869837 0.810757 0.680022 0.478396 
220 0.967528 0.953467 0.938083 0.915472 0.878991 0.823622 0.699980 0.505593 
221 0.967585 0.953548 0.938191 0.915617 0.879194 0.823907 0.700426 0.506210 
222 0.965074 0.949985 0.933495 0.909296 0.870350 0.811476 0.681130 0.479886 
223 0.961178 0.944464 0.926234 0.899546 0.856764 0.792505 0.652160 0.441629 
224 0.957533 0.939311 0.919471 0.890493 0.844212 0.775113 0.626107 0.408522 
225 0.955650 0.936652 0.915986 0.885839 0.837782 0.766255 0.613026 0.392364 
226 0.956317 0.937594 0.917220 0.887486 0.840056 0.769383 0.617631 0.398018 
227 0.959304 0.941813 0.922753 0.894883 0.850291 0.783520 0.638640 0.424295 
228 0.963322 0.947500 0.930225 0.904902 0.864218 0.802895 0.667954 0.462299 
229 0.966677 0.952258 0.936490 0.913326 0.875986 0.819391 0.693387 0.496529 
230 0.967872 0.953956 0.938728 0.916341 0.880210 0.825339 0.702665 0.509307 
231 0.966382 0.951841 0.935940 0.912585 0.874949 0.817932 0.691121 0.493432 
232 0.962936 0.946953 0.929505 0.903935 0.862871 0.801014 0.665082 0.458507 
233 0.958973 0.941346 0.922140 0.894062 0.849154 0.781945 0.636283 0.421307 
234 0.956123 0.937320 0.916861 0.887007 0.839394 0.768473 0.616289 0.396366 
235 0.955688 0.936706 0.916057 0.885934 0.837913 0.766435 0.613291 0.392689 
236 0.957834 0.939736 0.920027 0.891237 0.845241 0.776535 0.628219 0.411160 
237 0.961641 0.945119 0.927094 0.900700 0.858369 0.794737 0.655539 0.446013 
238 0.965453 0.950522 0.934202 0.910247 0.871679 0.813340 0.684007 0.483769 
239 0.967655 0.953648 0.938322 0.915794 0.879443 0.824258 0.700975 0.506968 
240 0.967286 0.953123 0.937630 0.914861 0.878136 0.822416 0.698099 0.502999 
241 0.964564 0.949261 0.932542 0.908014 0.868560 0.808967 0.677266 0.474697 
242 0.960671 0.943746 0.925291 0.898282 0.855008 0.790064 0.648474 0.436870 
243 0.957167 0.938794 0.918793 0.889587 0.842959 0.773384 0.623545 0.405333 
244 0.955549 0.936510 0.915800 0.885591 0.837440 0.765784 0.612334 0.391519 
245 0.956612 0.938009 0.917764 0.888213 0.841060 0.770766 0.619672 0.400535 
246 0.959905 0.942664 0.923869 0.896378 0.852365 0.786394 0.642951 0.429786 
247 0.963946 0.948385 0.931389 0.906465 0.866398 0.805941 0.672619 0.468489 
248 0.966995 0.952710 0.937086 0.914129 0.877109 0.820971 0.695846 0.499901 
249 0.967749 0.953781 0.938497 0.916030 0.879773 0.824724 0.701703 0.507975 
250 0.965920 0.951185 0.935076 0.911422 0.873322 0.815646 0.687575 0.488604 
251 0.962381 0.946167 0.928473 0.902549 0.860941 0.798321 0.660980 0.453116 
252 0.958558 0.940759 0.921369 0.893031 0.847726 0.779968 0.633331 0.417579 
253 0.955991 0.937133 0.916616 0.886679 0.838942 0.767850 0.615373 0.395241 
254 0.955896 0.937000 0.916441 0.886446 0.838621 0.767408 0.614722 0.394442 
255 0.958319 0.940421 0.920926 0.892438 0.846904 0.778833 0.631638 0.415448 
256 0.962222 0.945942 0.928176 0.902151 0.860388 0.797550 0.659808 0.451581 
257 0.965900 0.951156 0.935037 0.911370 0.873249 0.815544 0.687417 0.488390 
258 0.967750 0.953782 0.938499 0.916033 0.879777 0.824729 0.701711 0.507986 
259 0.966958 0.952658 0.937018 0.914036 0.876980 0.820789 0.695564 0.499513 
260 0.963988 0.948445 0.931468 0.906571 0.866546 0.806148 0.672936 0.468912 
261 0.960132 0.942985 0.924291 0.896942 0.853148 0.787481 0.644584 0.431876 
262 0.956892 0.938406 0.918283 0.888906 0.842018 0.772087 0.621625 0.402951 
263 0.955650 0.936652 0.915986 0.885839 0.837782 0.766255 0.613026 0.392364 
264 0.957051 0.938630 0.918578 0.889300 0.842562 0.772836 0.622733 0.404326 
265 0.960524 0.943538 0.925018 0.897916 0.854500 0.789358 0.647410 0.435501 
266 0.964483 0.949146 0.932391 0.907811 0.868276 0.808571 0.676656 0.473879 
267 0.967223 0.953034 0.937513 0.914703 0.877914 0.822104 0.697612 0.502329 
268 0.967572 0.953530 0.938166 0.915584 0.879148 0.823842 0.700325 0.506069 
269 0.965438 0.950501 0.934175 0.910211 0.871628 0.813268 0.683897 0.483620 
270 0.961819 0.945372 0.927427 0.901146 0.858989 0.795601 0.656848 0.447717 
271 0.958131 0.940156 0.920578 0.891974 0.846261 0.777943 0.630314 0.413785 
272 0.955893 0.936995 0.916435 0.886438 0.838609 0.767392 0.614698 0.394412 
273 0.956185 0.937407 0.916975 0.887159 0.839604 0.768762 0.616715 0.396890 
274 0.958919 0.941270 0.922039 0.893928 0.848968 0.781687 0.635898 0.420820 
275 0.962844 0.946824 0.929335 0.903707 0.862553 0.800570 0.664405 0.457615 
276 0.966278 0.951692 0.935744 0.912322 0.874581 0.817415 0.690318 0.492336 
277 0.967737 0.953764 0.938475 0.916000 0.879731 0.824664 0.701609 0.507845 
278 0.966578 0.952118 0.936305 0.913077 0.875637 0.818900 0.692624 0.495485 
279 0.963437 0.947664 0.930440 0.905190 0.864620 0.803457 0.668813 0.463436 
280 0.959621 0.942261 0.923341 0.895671 0.851383 0.785034 0.640908 0.427180 
281 0.956638 0.938047 0.917813 0.888279 0.841151 0.770891 0.619857 0.400764 
282 0.955792 0.936853 0.916249 0.886190 0.838267 0.766922 0.614006 0.393565 
283 0.957543 0.939324 0.919488 0.890515 0.844243 0.775156 0.626171 0.408603 
284 0.961150 0.944425 0.926183 0.899478 0.856669 0.792373 0.651960 0.441371 
285 0.964988 0.949862 0.933334 0.909078 0.870046 0.811050 0.680473 0.479002 
286 0.967405 0.953292 0.937853 0.915162 0.878557 0.823009 0.699024 0.504274 
287 0.967342 0.953203 0.937736 0.915004 0.878335 0.822698 0.698538 0.503604 
288 0.964902 0.949741 0.933174 0.908863 0.869746 0.810629 0.679824 0.478130 
289 0.961242 0.944554 0.926352 0.899705 0.856985 0.792812 0.652623 0.442229 
290 0.957768 0.939642 0.919905 0.891073 0.845015 0.776221 0.627753 0.410578 
291 0.955866 0.936957 0.916385 0.886372 0.838517 0.767266 0.614513 0.394185 
292 0.956540 0.937908 0.917631 0.888035 0.840815 0.770429 0.619174 0.399920 
293 0.959545 0.942154 0.923200 0.895482 0.851121 0.784670 0.640363 0.426486 
294 0.963456 0.947691 0.930476 0.905238 0.864687 0.803550 0.668956 0.463626 
295 0.966618 0.952176 0.936382 0.913180 0.875781 0.819102 0.692938 0.495916 
296 0.967657 0.953651 0.938326 0.915799 0.879450 0.824268 0.700990 0.506989 
297 0.966126 0.951477 0.935460 0.911940 0.874046 0.816663 0.689152 0.490748 
298 0.962850 0.946831 0.929345 0.903720 0.862572 0.800596 0.664445 0.457668 
299 0.959156 0.941604 0.922478 0.894515 0.849781 0.782813 0.637582 0.422953 
300 0.956464 0.937802 0.917492 0.887850 0.840558 0.770075 0.618652 0.399276 
301 0.956010 0.937161 0.916652 0.886728 0.839009 0.767943 0.615509 0.395408 
302 0.958082 0.940087 0.920488 0.891853 0.846093 0.777711 0.629969 0.413352 
303 0.961795 0.945338 0.927382 0.901086 0.858906 0.795485 0.656672 0.447489 
304 0.965475 0.950553 0.934243 0.910302 0.871755 0.813447 0.684173 0.483993 
305 0.967516 0.953451 0.938062 0.915444 0.878952 0.823566 0.699894 0.505474 
306 0.967031 0.952762 0.937154 0.914221 0.877238 0.821153 0.696129 0.500290 
307 0.964311 0.948903 0.932071 0.907381 0.867676 0.807730 0.675364 0.472151 
308 0.960651 0.943718 0.925254 0.898233 0.854939 0.789969 0.648330 0.436685 
309 0.957442 0.939182 0.919301 0.890266 0.843898 0.774680 0.625464 0.407722 
310 0.955973 0.937108 0.916583 0.886636 0.838882 0.767768 0.615252 0.395093 
311 0.957024 0.938591 0.918527 0.889231 0.842467 0.772706 0.622541 0.404086 
312 0.960179 0.943051 0.924377 0.897059 0.853309 0.787705 0.644921 0.432307 
313 0.964012 0.948478 0.931511 0.906629 0.866627 0.806262 0.673111 0.469145 
314 0.966917 0.952599 0.936940 0.913931 0.876833 0.820583 0.695242 0.499071 
315 0.967539 0.953482 0.938104 0.915500 0.879030 0.823677 0.700066 0.505712 
316 0.965634 0.950779 0.934541 0.910703 0.872316 0.814234 0.685389 0.485639 
317 0.962201 0.945913 0.928138 0.902100 0.860316 0.797451 0.659656 0.451383 
318 0.958607 0.940827 0.921459 0.893152 0.847893 0.780199 0.633676 0.418014 
319 0.956314 0.937589 0.917213 0.887477 0.840044 0.769367 0.617607 0.397988 
320 0.956353 0.937645 0.917286 0.887575 0.840178 0.769552 0.617880 0.398324 
321 0.958759 0.941043 0.921742 0.893531 0.848417 0.780925 0.634759 0.419381 
322 0.962474 0.946299 0.928645 0.902781 0.861264 0.798771 0.661665 0.454014 
323 0.965888 0.951139 0.935016 0.911342 0.873209 0.815488 0.687330 0.488272 
324 0.967547 0.953494 0.938119 0.915520 0.879059 0.823717 0.700129 0.505799 
325 0.966687 0.952273 0.936509 0.913352 0.876022 0.819441 0.693465 0.496637 
326 0.963771 0.948137 0.931063 0.906026 0.865786 0.805087 0.671308 0.466746 
327 0.960035 0.942846 0.924109 0.896699 0.852810 0.787013 0.643880 0.430974 
328 0.957024 0.938591 0.918527 0.889231 0.842467 0.772706 0.622541 0.404086 
329 0.956023 0.937179 0.916676 0.886760 0.839053 0.768003 0.615598 0.395517 
330 0.957524 0.939298 0.919454 0.890470 0.844180 0.775069 0.626043 0.408442 
331 0.960901 0.944072 0.925719 0.898856 0.855805 0.791172 0.650145 0.439025 
332 0.964613 0.949331 0.932634 0.908138 0.868733 0.809209 0.677639 0.475196 
333 0.967121 0.952889 0.937321 0.914445 0.877553 0.821596 0.696820 0.501239 
334 0.967320 0.953172 0.937694 0.914948 0.878257 0.822587 0.698365 0.503366 
335 0.965157 0.950102 0.933649 0.909503 0.870639 0.811881 0.681755 0.480728 
336 0.961623 0.945094 0.927062 0.900656 0.858308 0.794653 0.655411 0.445847 
337 0.958131 0.940156 0.920578 0.891974 0.846261 0.777943 0.630314 0.413785 
338 0.956160 0.937373 0.916930 0.887099 0.839521 0.768647 0.616546 0.396682 
339 0.956622 0.938024 0.917783 0.888238 0.841095 0.770815 0.619745 0.400625 
340 0.959348 0.941875 0.922834 0.894992 0.850442 0.783729 0.638953 0.424692 
341 0.963133 0.947232 0.929873 0.904428 0.863558 0.801973 0.666547 0.460438 
342 0.966309 0.951736 0.935802 0.912400 0.874689 0.817567 0.690554 0.492659 
343 0.967523 0.953460 0.938074 0.915459 0.878973 0.823596 0.699941 0.505539 
344 0.966284 0.951701 0.935756 0.912338 0.874602 0.817445 0.690365 0.492401 
345 0.963185 0.947306 0.929970 0.904559 0.863741 0.802229 0.666936 0.460953 
346 0.959499 0.942089 0.923115 0.895368 0.850963 0.784451 0.640035 0.426068 
347 0.956756 0.938213 0.918031 0.888570 0.841553 0.771446 0.620677 0.401777 
348 0.956138 0.937341 0.916889 0.887044 0.839446 0.768543 0.616393 0.396495 
349 0.958016 0.939993 0.920365 0.891689 0.845867 0.777398 0.629503 0.412768 
350 0.961553 0.944995 0.926932 0.900482 0.858066 0.794316 0.654900 0.445183 
351 0.965135 0.950071 0.933608 0.909448 0.870562 0.811773 0.681588 0.480504 
352 0.967279 0.953114 0.937619 0.914846 0.878114 0.822386 0.698052 0.502934 
353 0.967071 0.952818 0.937228 0.914320 0.877378 0.821349 0.696435 0.500710 
354 0.964640 0.949369 0.932685 0.908206 0.868828 0.809343 0.677845 0.475472 
355 0.961054 0.944289 0.926003 0.899237 0.856335 0.791908 0.651257 0.440461 
356 0.957708 0.939558 0.919795 0.890926 0.844811 0.775940 0.627336 0.410056 
357 0.956078 0.937256 0.916777 0.886895 0.839240 0.768260 0.615976 0.395981 
358 0.956981 0.938531 0.918448 0.889126 0.842322 0.772505 0.622243 0.403718 
359 0.959993 0.942788 0.924033 0.896597 0.852668 0.786816 0.643584 0.430595 
360 0.963724 0.948071 0.930976 0.905909 0.865623 0.804858 0.670959 0.466282 
361 0.966615 0.952172 0.936376 0.913172 0.875770 0.819087 0.692915 0.495883 
362 0.967445 0.953349 0.937928 0.915264 0.878699 0.823210 0.699337 0.504707 
363 0.965877 0.951123 0.934995 0.911313 0.873169 0.815432 0.687244 0.488154 
364 0.962626 0.946514 0.928929 0.903161 0.861793 0.799509 0.662789 0.455489 
365 0.958980 0.941356 0.922152 0.894079 0.849177 0.781977 0.636331 0.421368 
366 0.956503 0.937856 0.917563 0.887944 0.840688 0.770255 0.618917 0.399603 
367 0.956321 0.937599 0.917226 0.887494 0.840067 0.769399 0.617655 0.398047 
368 0.958549 0.940746 0.921352 0.893009 0.847694 0.779925 0.633267 0.417498 
369 0.962170 0.945869 0.928080 0.902022 0.860207 0.797298 0.659425 0.451081 
370 0.965603 0.950735 0.934483 0.910625 0.872207 0.814080 0.685152 0.485319 
371 0.967375 0.953251 0.937798 0.915088 0.878453 0.822863 0.698797 0.503961 
372 0.966777 0.952402 0.936679 0.913580 0.876342 0.819891 0.694165 0.497595 
373 0.964131 0.948647 0.931734 0.906929 0.867045 0.806847 0.674007 0.470340 
374 0.960490 0.943491 0.924956 0.897834 0.854385 0.789199 0.647170 0.435193 
375 0.957326 0.939018 0.919086 0.889979 0.843501 0.774132 0.624653 0.406711 
376 0.956073 0.937249 0.916769 0.886883 0.839224 0.768238 0.615943 0.395941 
377 0.957370 0.939080 0.919167 0.890087 0.843651 0.774338 0.624958 0.407091 
378 0.960623 0.943679 0.925203 0.898164 0.854844 0.789836 0.648130 0.436428 
379 0.964283 0.948862 0.932018 0.907310 0.867576 0.807591 0.675150 0.471865 
380 0.966870 0.952533 0.936852 0.913814 0.876668 0.820350 0.694880 0.498575 
381 0.967289 0.953127 0.937636 0.914869 0.878146 0.822431 0.698122 0.503031 
382 0.965443 0.950507 0.934183 0.910221 0.871642 0.813289 0.683928 0.483662 
383 0.962095 0.945763 0.927940 0.901835 0.859947 0.796936 0.658875 0.450361 
384 0.958533 0.940724 0.921323 0.892970 0.847640 0.779850 0.633155 0.417357 
385 0.956328 0.937609 0.917239 0.887512 0.840091 0.769432 0.617703 0.398107 
386 0.956518 0.937877 0.917591 0.887981 0.840740 0.770325 0.619021 0.399732 
387 0.959075 0.941489 0.922328 0.894314 0.849502 0.782427 0.637005 0.422221 
388 0.962795 0.946754 0.929243 0.903583 0.862381 0.800330 0.664039 0.457133 
389 0.966014 0.951318 0.935251 0.911658 0.873651 0.816109 0.688293 0.489579 
390 0.967402 0.953288 0.937847 0.915154 0.878546 0.822994 0.699000 0.504242 
391 0.966405 0.951873 0.935982 0.912642 0.875028 0.818044 0.691294 0.493668 
392 0.963579 0.947864 0.930704 0.905545 0.865115 0.804147 0.669870 0.464837 
393 0.960028 0.942837 0.924097 0.896682 0.852787 0.786981 0.643832 0.430913 
394 0.957105 0.938706 0.918678 0.889433 0.842747 0.773091 0.623111 0.404794 
395 0.956165 0.937379 0.916938 0.887110 0.839537 0.768669 0.616578 0.396722 
396 0.957775 0.939652 0.919917 0.891090 0.845038 0.776254 0.627801 0.410638 
397 0.961181 0.944469 0.926240 0.899554 0.856776 0.792521 0.652184 0.441660 
398 0.964804 0.949601 0.932990 0.908617 0.869401 0.810146 0.679080 0.477130 
399 0.967095 0.952853 0.937274 0.914382 0.877464 0.821470 0.696624 0.500969 
400 0.967077 0.952827 0.937240 0.914336 0.877399 0.821379 0.696482 0.500775 
401 0.964887 0.949720 0.933146 0.908827 0.869694 0.810557 0.679713 0.477981 
402 0.961509 0.944932 0.926849 0.900371 0.857910 0.794100 0.654572 0.444757 
403 0.958192 0.940241 0.920690 0.892123 0.846468 0.778229 0.630739 0.414319 
404 0.956350 0.937640 0.917280 0.887566 0.840166 0.769536 0.617856 0.398295 
405 0.956894 0.938409 0.918288 0.888912 0.842026 0.772098 0.621641 0.402971 
406 0.959668 0.942328 0.923428 0.895787 0.851545 0.785258 0.641245 0.427609 
407 0.963350 0.947540 0.930277 0.904971 0.864315 0.803030 0.668161 0.462573 
408 0.966332 0.951770 0.935846 0.912459 0.874772 0.817684 0.690735 0.492906 
409 0.967370 0.953243 0.937789 0.915075 0.878435 0.822838 0.698757 0.503907 
410 0.966007 0.951308 0.935237 0.911640 0.873626 0.816073 0.688237 0.489504 
411 0.962983 0.947020 0.929593 0.904053 0.863036 0.801243 0.665432 0.458968 
412 0.959474 0.942054 0.923069 0.895306 0.850878 0.784333 0.639858 0.425844 
413 0.956884 0.938394 0.918269 0.888887 0.841991 0.772049 0.621569 0.402881 
414 0.956407 0.937720 0.917385 0.887706 0.840360 0.769803 0.618250 0.398780 
415 0.958359 0.940477 0.920999 0.892537 0.847041 0.779021 0.631919 0.415801 
416 0.961843 0.945406 0.927471 0.901206 0.859072 0.795717 0.657023 0.447946 
417 0.965251 0.950236 0.933826 0.909741 0.870971 0.812347 0.682474 0.481699 
418 0.967196 0.952995 0.937461 0.914634 0.877818 0.821968 0.697400 0.502038 
419 0.966811 0.952449 0.936742 0.913665 0.876460 0.820058 0.694424 0.497950 
420 0.964370 0.948986 0.932181 0.907529 0.867882 0.808019 0.675808 0.472745 
421 0.960915 0.944092 0.925746 0.898892 0.855855 0.791241 0.650249 0.439160 
422 0.957788 0.939671 0.919943 0.891124 0.845085 0.776319 0.627898 0.410758 
423 0.956347 0.937636 0.917276 0.887560 0.840158 0.769525 0.617840 0.398275 
424 0.957311 0.938997 0.919059 0.889942 0.843450 0.774062 0.624549 0.406582 
425 0.960327 0.943260 0.924652 0.897426 0.853819 0.788412 0.645985 0.433672 
426 0.963938 0.948374 0.931375 0.906446 0.866372 0.805905 0.672563 0.468415 
427 0.966636 0.952201 0.936414 0.913224 0.875842 0.819188 0.693072 0.496099 
428 0.967239 0.953057 0.937543 0.914744 0.877971 0.822185 0.697738 0.502502 
429 0.965536 0.950639 0.934357 0.910455 0.871970 0.813748 0.684639 0.484624 
430 0.962385 0.946174 0.928481 0.902559 0.860956 0.798342 0.661012 0.453158 
431 0.958988 0.941367 0.922167 0.894099 0.849204 0.782015 0.636387 0.421439 
432 0.956726 0.938171 0.917976 0.888496 0.841451 0.771305 0.620468 0.401519 
433 0.956645 0.938057 0.917826 0.888296 0.841174 0.770924 0.619905 0.400823 
434 0.958950 0.941313 0.922096 0.894004 0.849072 0.781832 0.636115 0.421094 
435 0.962498 0.946333 0.928690 0.902840 0.861346 0.798887 0.661840 0.454244 
436 0.965687 0.950854 0.934640 0.910835 0.872501 0.814494 0.685792 0.486185 
437 0.967246 0.953067 0.937556 0.914762 0.877996 0.822220 0.697793 0.502578 
438 0.966477 0.951974 0.936116 0.912822 0.875280 0.818398 0.691845 0.494421 
439 0.963794 0.948170 0.931106 0.906085 0.865868 0.805201 0.671483 0.466979 
440 0.960343 0.943283 0.924682 0.897467 0.853876 0.788492 0.646105 0.433826 
441 0.957449 0.939191 0.919314 0.890283 0.843921 0.774712 0.625513 0.407782 
442 0.956418 0.937736 0.917406 0.887735 0.840400 0.769857 0.618330 0.398879 
443 0.957801 0.939689 0.919966 0.891155 0.845128 0.776378 0.627986 0.410869 
444 0.961001 0.944214 0.925905 0.899105 0.856152 0.791654 0.650873 0.439965 
445 0.964492 0.949159 0.932409 0.907835 0.868310 0.808617 0.676727 0.473975 
446 0.966841 0.952491 0.936797 0.913739 0.876564 0.820204 0.694652 0.498263 
447 0.967062 0.952805 0.937211 0.914297 0.877345 0.821304 0.696365 0.500613 
448 0.965062 0.949967 0.933472 0.909264 0.870306 0.811414 0.681035 0.479759 
449 0.961765 0.945295 0.927326 0.901010 0.858800 0.795338 0.656449 0.447197 
450 0.958495 0.940669 0.921252 0.892874 0.847508 0.779667 0.632882 0.417013 
451 0.956609 0.938006 0.917760 0.888207 0.841052 0.770755 0.619656 0.400516 
452 0.956982 0.938533 0.918450 0.889129 0.842326 0.772511 0.622251 0.403728 
453 0.959576 0.942198 0.923258 0.895559 0.851229 0.784820 0.640588 0.426772 
454 0.963112 0.947203 0.929835 0.904377 0.863488 0.801874 0.666395 0.460239 
455 0.966067 0.951394 0.935351 0.911792 0.873840 0.816373 0.688702 0.490137 
456 0.967254 0.953079 0.937571 0.914782 0.878025 0.822260 0.697855 0.502664 
457 0.966098 0.951438 0.935409 0.911870 0.873948 0.816526 0.688939 0.490458 
458 0.963206 0.947337 0.930010 0.904613 0.863816 0.802333 0.667095 0.461163 
459 0.959750 0.942445 0.923582 0.895993 0.851830 0.785653 0.641838 0.428365 
460 0.957121 0.938729 0.918708 0.889473 0.842802 0.773167 0.623223 0.404934 
461 0.956551 0.937924 0.917653 0.888064 0.840854 0.770483 0.619254 0.400019 
462 0.958366 0.940488 0.921014 0.892557 0.847068 0.779059 0.631975 0.415872 
463 0.961675 0.945168 0.927159 0.900787 0.858490 0.794906 0.655794 0.446345 
464 0.964970 0.949837 0.933300 0.909034 0.869984 0.810963 0.680339 0.478821 
465 0.967000 0.952718 0.937095 0.914141 0.877127 0.820996 0.695886 0.499955 
466 0.966847 0.952500 0.936808 0.913755 0.876586 0.820234 0.694699 0.498328 
467 0.964590 0.949298 0.932591 0.908080 0.868652 0.809096 0.677464 0.474962 
468 0.961166 0.944447 0.926211 0.899516 0.856723 0.792447 0.652072 0.441515 
469 0.957970 0.939927 0.920279 0.891573 0.845707 0.777177 0.629174 0.412356 
470 0.956473 0.937813 0.917507 0.887870 0.840586 0.770113 0.618708 0.399345 
471 0.957350 0.939052 0.919131 0.890039 0.843584 0.774246 0.624822 0.406921 
472 0.960230 0.943123 0.924472 0.897186 0.853486 0.787950 0.645289 0.432779 
473 0.963731 0.948080 0.930988 0.905925 0.865645 0.804889 0.671007 0.466345 
474 0.966380 0.951838 0.935936 0.912580 0.874942 0.817922 0.691105 0.493410 
475 0.967170 0.952959 0.937414 0.914571 0.877728 0.821843 0.697204 0.501768 
476 0.965716 0.950895 0.934694 0.910908 0.872603 0.814637 0.686013 0.486484 
477 0.962667 0.946572 0.929005 0.903263 0.861935 0.799708 0.663091 0.455887 
478 0.959227 0.941704 0.922609 0.894691 0.850025 0.783151 0.638087 0.423593 
479 0.956844 0.938337 0.918194 0.888787 0.841853 0.771859 0.621287 0.402533 
480 0.956645 0.938057 0.917826 0.888296 0.841174 0.770924 0.619905 0.400823 
481 0.958831 0.941145 0.921876 0.893710 0.848665 0.781269 0.635273 0.420029 
482 0.962310 0.946066 0.928340 0.902370 0.860693 0.797975 0.660454 0.452427 
483 0.965494 0.950581 0.934280 0.910351 0.871824 0.813544 0.684323 0.484196 
484 0.967103 0.952864 0.937289 0.914402 0.877492 0.821510 0.696686 0.501056 
485 0.966512 0.952025 0.936183 0.912912 0.875407 0.818576 0.692120 0.494797 
486 0.964069 0.948559 0.931618 0.906772 0.866827 0.806542 0.673539 0.469716 
487 0.960660 0.943731 0.925270 0.898255 0.854970 0.790011 0.648394 0.436767 
488 0.957642 0.939465 0.919672 0.890762 0.844584 0.775627 0.626870 0.409474 
489 0.956477 0.937820 0.917516 0.887881 0.840601 0.770135 0.618740 0.399385 
490 0.957697 0.939542 0.919774 0.890898 0.844772 0.775886 0.627255 0.409956 
491 0.960796 0.943924 0.925524 0.898595 0.855443 0.790669 0.649386 0.438045 
492 0.964271 0.948846 0.931996 0.907280 0.867536 0.807534 0.675062 0.471748 
493 0.966658 0.952232 0.936456 0.913280 0.875921 0.819300 0.693245 0.496335 
494 0.967042 0.952777 0.937173 0.914246 0.877274 0.821203 0.696207 0.500397 
495 0.965256 0.950242 0.933834 0.909751 0.870986 0.812367 0.682506 0.481741 
496 0.962093 0.945760 0.927936 0.901829 0.859940 0.796926 0.658859 0.450341 
497 0.958770 0.941059 0.921763 0.893559 0.848456 0.780979 0.634839 0.419482 
498 0.956714 0.938155 0.917955 0.888467 0.841411 0.771250 0.620387 0.401419 
499 0.956924 0.938451 0.918343 0.888986 0.842129 0.772239 0.621850 0.403230 
500 0.959389 0.941934 0.922911 0.895095 0.850585 0.783927 0.639249 0.425069 
501 0.962885 0.946881 0.929411 0.903809 0.862695 0.800769 0.664708 0.458014 
502 0.965858 0.951097 0.934960 0.911266 0.873104 0.815340 0.687102 0.487961 
503 0.967140 0.952916 0.937357 0.914494 0.877621 0.821692 0.696969 0.501444 
504 0.966200 0.951582 0.935599 0.912126 0.874306 0.817029 0.689719 0.491521 
505 0.963515 0.947774 0.930585 0.905385 0.864892 0.803836 0.669393 0.464205 
506 0.960109 0.942952 0.924247 0.896884 0.853068 0.787370 0.644416 0.431661 
507 0.957349 0.939050 0.919129 0.890036 0.843580 0.774241 0.624814 0.406911 
508 0.956549 0.937921 0.917649 0.888058 0.840846 0.770472 0.619238 0.400000 
509 0.958168 0.940207 0.920646 0.892064 0.846386 0.778116 0.630571 0.414107 
510 0.961420 0.944807 0.926684 0.900150 0.857603 0.793672 0.653926 0.443918 
511 0.964771 0.949555 0.932929 0.908535 0.869287 0.809986 0.678835 0.476800 
512 0.966852 0.952507 0.936818 0.913768 0.876604 0.820260 0.694739 0.498381 
513 0.966825 0.952469 0.936768 0.913701 0.876510 0.820128 0.694534 0.498101 
514 0.964775 0.949560 0.932935 0.908543 0.869298 0.810002 0.678858 0.476832 
515 0.961534 0.944968 0.926895 0.900433 0.857998 0.794221 0.654756 0.444996 
516 0.958355 0.940472 0.920993 0.892528 0.847029 0.779005 0.631895 0.415771 
517 0.956651 0.938065 0.917837 0.888310 0.841194 0.770951 0.619946 0.400873 
518 0.957228 0.938880 0.918906 0.889738 0.843167 0.773672 0.623971 0.405862 
519 0.959978 0.942766 0.924004 0.896558 0.852615 0.786741 0.643471 0.430452 
520 0.963466 0.947704 0.930494 0.905262 0.864721 0.803597 0.669028 0.463720 
521 0.966195 0.951575 0.935589 0.912113 0.874288 0.817004 0.689680 0.491467 
522 0.967095 0.952853 0.937274 0.914382 0.877464 0.821470 0.696624 0.500969 
523 0.965796 0.951009 0.934844 0.911111 0.872886 0.815034 0.686628 0.487319 
524 0.962952 0.946976 0.929535 0.903975 0.862927 0.801092 0.665202 0.458664 
525 0.959609 0.942244 0.923318 0.895640 0.851341 0.784975 0.640820 0.427068 
526 0.957129 0.938741 0.918723 0.889493 0.842829 0.773205 0.623280 0.405004 
527 0.956732 0.938179 0.917987 0.888510 0.841470 0.771332 0.620508 0.401568 
528 0.958678 0.940928 0.921591 0.893329 0.848137 0.780538 0.634182 0.418652 
529 0.962027 0.945666 0.927813 0.901664 0.859710 0.796605 0.658372 0.449705 
530 0.965239 0.950218 0.933803 0.909709 0.870927 0.812286 0.682379 0.481571 
531 0.966983 0.952693 0.937063 0.914098 0.877066 0.820911 0.695752 0.499772 
532 0.966527 0.952045 0.936210 0.912948 0.875457 0.818647 0.692230 0.494948 
533 0.964233 0.948792 0.931925 0.907185 0.867403 0.807348 0.674777 0.471367 
534 0.960980 0.944184 0.925866 0.899053 0.856080 0.791553 0.650721 0.439769 
535 0.958036 0.940021 0.920401 0.891737 0.845933 0.777490 0.629640 0.412939 
536 0.956674 0.938097 0.917880 0.888367 0.841273 0.771060 0.620106 0.401072 
537 0.957627 0.939444 0.919644 0.890725 0.844533 0.775556 0.626765 0.409344 
538 0.960583 0.943623 0.925129 0.898065 0.854706 0.789645 0.647842 0.436057 
539 0.964026 0.948499 0.931539 0.906666 0.866679 0.806335 0.673222 0.469293 
540 0.966483 0.951983 0.936127 0.912838 0.875302 0.818429 0.691892 0.494485 
541 0.966970 0.952674 0.937038 0.914065 0.877020 0.820845 0.695650 0.499632 
542 0.965312 0.950321 0.933939 0.909892 0.871183 0.812644 0.682933 0.482317 
543 0.962336 0.946103 0.928388 0.902435 0.860783 0.798101 0.660645 0.452677 
544 0.959150 0.941596 0.922467 0.894501 0.849762 0.782786 0.637542 0.422902 
545 0.957045 0.938622 0.918567 0.889285 0.842542 0.772809 0.622693 0.404276 
546 0.957030 0.938601 0.918539 0.889248 0.842491 0.772739 0.622589 0.404146 
547 0.959269 0.941764 0.922688 0.894797 0.850172 0.783354 0.638392 0.423980 
548 0.962639 0.946533 0.928953 0.903193 0.861838 0.799572 0.662884 0.455615 
549 0.965615 0.950751 0.934504 0.910653 0.872247 0.814137 0.685239 0.485436 
550 0.967032 0.952764 0.937156 0.914223 0.877242 0.821158 0.696137 0.500300 
551 0.966229 0.951623 0.935652 0.912198 0.874407 0.817171 0.689940 0.491821 
552 0.963642 0.947955 0.930823 0.905705 0.865337 0.804459 0.670347 0.465470 
553 0.960347 0.943288 0.924689 0.897475 0.853888 0.788508 0.646129 0.433857 
554 0.957687 0.939528 0.919755 0.890872 0.844737 0.775837 0.627183 0.409865 
555 0.956807 0.938285 0.918126 0.888695 0.841727 0.771685 0.621030 0.402215 
556 0.958194 0.940244 0.920694 0.892129 0.846476 0.778240 0.630755 0.414339 
557 0.961256 0.944574 0.926379 0.899740 0.857034 0.792880 0.652727 0.442364 
558 0.964527 0.949209 0.932473 0.907922 0.868431 0.808787 0.676989 0.474325 
559 0.966665 0.952242 0.936469 0.913298 0.875946 0.819335 0.693300 0.496411 
560 0.966802 0.952436 0.936725 0.913642 0.876428 0.820012 0.694354 0.497854 
561 0.964860 0.949681 0.933095 0.908758 0.869599 0.810423 0.679508 0.477704 
562 0.961716 0.945226 0.927234 0.900888 0.858630 0.795101 0.656090 0.446730 
563 0.958616 0.940840 0.921476 0.893175 0.847924 0.780242 0.633740 0.418095 
564 0.956881 0.938389 0.918262 0.888878 0.841979 0.772033 0.621544 0.402851 
565 0.957353 0.939057 0.919137 0.890047 0.843596 0.774263 0.624846 0.406951 
566 0.959930 0.942698 0.923915 0.896439 0.852449 0.786512 0.643127 0.430011 
567 0.963293 0.947459 0.930172 0.904830 0.864118 0.802754 0.667740 0.462015 
568 0.965985 0.951277 0.935197 0.911585 0.873550 0.815966 0.688072 0.489279 
569 0.966984 0.952695 0.937065 0.914100 0.877070 0.820916 0.695760 0.499783 
570 0.965838 0.951068 0.934922 0.911215 0.873031 0.815238 0.686944 0.487747 
571 0.963096 0.947181 0.929805 0.904337 0.863432 0.801796 0.666276 0.460081 
572 0.959817 0.942539 0.923706 0.896159 0.852061 0.785973 0.642318 0.428978 
573 0.957373 0.939085 0.919173 0.890096 0.843662 0.774355 0.624983 0.407121 
574 0.956888 0.938399 0.918275 0.888895 0.842003 0.772065 0.621593 0.402911 
575 0.958689 0.940944 0.921612 0.893357 0.848176 0.780592 0.634262 0.418753 
576 0.961927 0.945524 0.927627 0.901415 0.859363 0.796122 0.657638 0.448747 
577 0.965035 0.949929 0.933421 0.909196 0.870211 0.811281 0.680829 0.479482 
578 0.966811 0.952449 0.936742 0.913665 0.876460 0.820058 0.694424 0.497950 
579 0.966547 0.952074 0.936248 0.913000 0.875529 0.818748 0.692388 0.495163 
580 0.964351 0.948960 0.932145 0.907481 0.867816 0.807926 0.675665 0.472554 
581 0.961129 0.944394 0.926142 0.899423 0.856593 0.792267 0.651800 0.441164 
582 0.958203 0.940257 0.920711 0.892151 0.846507 0.778283 0.630820 0.414420 
583 0.956837 0.938327 0.918181 0.888770 0.841829 0.771826 0.621239 0.402473 
584 0.957715 0.939568 0.919807 0.890943 0.844835 0.775973 0.627384 0.410116 
585 0.960540 0.943562 0.925049 0.897958 0.854557 0.789438 0.647530 0.435656 
586 0.963870 0.948277 0.931247 0.906274 0.866131 0.805568 0.672047 0.467729 
587 0.966287 0.951706 0.935762 0.912345 0.874613 0.817460 0.690389 0.492433 
588 0.966891 0.952563 0.936892 0.913867 0.876744 0.820456 0.695045 0.498802 
589 0.965437 0.950500 0.934173 0.910208 0.871624 0.813263 0.683889 0.483609 
590 0.962523 0.946369 0.928738 0.902905 0.861437 0.799012 0.662032 0.454495 
591 0.959280 0.941780 0.922709 0.894825 0.850210 0.783408 0.638472 0.424082 
592 0.957141 0.938757 0.918744 0.889522 0.842869 0.773260 0.623360 0.405104 
593 0.957086 0.938679 0.918642 0.889385 0.842680 0.772999 0.622974 0.404625 
594 0.959247 0.941732 0.922647 0.894741 0.850094 0.783247 0.638231 0.423776 
595 0.962558 0.946418 0.928802 0.902991 0.861557 0.799180 0.662287 0.454830 
596 0.965460 0.950532 0.934216 0.910265 0.871704 0.813375 0.684063 0.483844 
597 0.966882 0.952550 0.936875 0.913844 0.876711 0.820411 0.694974 0.498705 
598 0.966244 0.951644 0.935681 0.912237 0.874461 0.817247 0.690058 0.491982 
599 0.963854 0.948254 0.931217 0.906234 0.866075 0.805491 0.671928 0.467570 
600 0.960571 0.943606 0.925106 0.898035 0.854664 0.789587 0.647754 0.435944 
601 0.957811 0.939704 0.919985 0.891181 0.845163 0.776427 0.628058 0.410959 
602 0.956837 0.938327 0.918181 0.888770 0.841829 0.771826 0.621239 0.402473 
603 0.958145 0.940175 0.920604 0.892008 0.846308 0.778008 0.630410 0.413906 
604 0.961167 0.944449 0.926213 0.899519 0.856726 0.792452 0.652080 0.441526 
605 0.964388 0.949012 0.932214 0.907574 0.867945 0.808107 0.675943 0.472925 
606 0.966507 0.952018 0.936173 0.912900 0.875389 0.818550 0.692081 0.494743 
607 0.966764 0.952383 0.936654 0.913547 0.876295 0.819825 0.694063 0.497455 
608 0.965004 0.949886 0.933365 0.909120 0.870105 0.811132 0.680600 0.479173 
609 0.961951 0.945558 0.927672 0.901474 0.859446 0.796237 0.657814 0.448976 
610 0.958800 0.941101 0.921818 0.893631 0.848557 0.781118 0.635048 0.419745 
611 0.956968 0.938513 0.918424 0.889095 0.842278 0.772446 0.622155 0.403608 
612 0.957328 0.939021 0.919091 0.889985 0.843509 0.774143 0.624669 0.406731 
613 0.959813 0.942533 0.923698 0.896148 0.852046 0.785952 0.642286 0.428937 
614 0.963153 0.947261 0.929911 0.904479 0.863629 0.802072 0.666698 0.460638 
615 0.965832 0.951059 0.934910 0.911199 0.873010 0.815208 0.686897 0.487683 
616 0.966884 0.952553 0.936879 0.913850 0.876718 0.820421 0.694990 0.498726 
617 0.965907 0.951166 0.935051 0.911388 0.873274 0.815580 0.687472 0.488465 
618 0.963330 0.947512 0.930241 0.904923 0.864248 0.802937 0.668018 0.462383 
619 0.960057 0.942878 0.924150 0.896754 0.852887 0.787119 0.644040 0.431179 
620 0.957523 0.939297 0.919451 0.890467 0.844176 0.775064 0.626035 0.408432 
621 0.956899 0.938415 0.918296 0.888924 0.842042 0.772120 0.621673 0.403011 
622 0.958553 0.940752 0.921361 0.893020 0.847710 0.779947 0.633299 0.417539 
623 0.961772 0.945306 0.927340 0.901029 0.858826 0.795375 0.656505 0.447270 
624 0.964906 0.949746 0.933181 0.908874 0.869760 0.810649 0.679856 0.478172 
625 0.966702 0.952295 0.936538 0.913390 0.876076 0.819517 0.693583 0.496798 
626 0.966480 0.951979 0.936122 0.912830 0.875291 0.818414 0.691869 0.494453 
627 0.964490 0.949156 0.932405 0.907830 0.868302 0.808607 0.676711 0.473954 
628 0.961463 0.944867 0.926763 0.900256 0.857751 0.793878 0.654237 0.444322 
629 0.958471 0.940635 0.921207 0.892815 0.847426 0.779554 0.632713 0.416801 
630 0.956937 0.938469 0.918367 0.889018 0.842172 0.772299 0.621938 0.403339 
631 0.957642 0.939465 0.919672 0.890762 0.844584 0.775627 0.626870 0.409474 
632 0.960345 0.943286 0.924687 0.897473 0.853884 0.788503 0.646121 0.433846 
633 0.963690 0.948022 0.930912 0.905824 0.865504 0.804692 0.670705 0.465944 
634 0.966174 0.951545 0.935551 0.912061 0.874216 0.816902 0.689522 0.491252 
635 0.966812 0.952451 0.936744 0.913668 0.876464 0.820063 0.694432 0.497961 
636 0.965461 0.950534 0.934218 0.910268 0.871708 0.813381 0.684070 0.483855 
637 0.962739 0.946674 0.929139 0.903443 0.862186 0.800058 0.663625 0.456589 
638 0.959599 0.942230 0.923300 0.895615 0.851306 0.784927 0.640748 0.426976 
639 0.957399 0.939122 0.919222 0.890161 0.843753 0.774479 0.625167 0.407351 
640 0.957166 0.938793 0.918791 0.889584 0.842955 0.773379 0.623537 0.405323 
641 0.959101 0.941526 0.922376 0.894378 0.849591 0.782551 0.637189 0.422455 
642 0.962336 0.946103 0.928388 0.902435 0.860783 0.798101 0.660645 0.452677 
643 0.965308 0.950316 0.933931 0.909882 0.871168 0.812623 0.682901 0.482275 
644 0.966784 0.952410 0.936690 0.913596 0.876363 0.819921 0.694212 0.497660 
645 0.966212 0.951599 0.935622 0.912157 0.874349 0.817090 0.689814 0.491649 
646 0.963951 0.948392 0.931399 0.906478 0.866416 0.805967 0.672658 0.468542 
647 0.960854 0.944005 0.925631 0.898738 0.855641 0.790944 0.649801 0.438582 
648 0.958126 0.940148 0.920568 0.891960 0.846242 0.777916 0.630274 0.413735 
649 0.957019 0.938585 0.918518 0.889220 0.842452 0.772684 0.622509 0.404047 
650 0.958115 0.940133 0.920549 0.891934 0.846206 0.777868 0.630202 0.413644 
651 0.961016 0.944236 0.925934 0.899144 0.856205 0.791728 0.650985 0.440110 
652 0.964214 0.948765 0.931890 0.907138 0.867336 0.807255 0.674634 0.471176 
653 0.966373 0.951828 0.935923 0.912562 0.874916 0.817887 0.691050 0.493335 
654 0.966652 0.952224 0.936445 0.913265 0.875900 0.819269 0.693198 0.496271 
655 0.965023 0.949912 0.933400 0.909168 0.870170 0.811224 0.680742 0.479364 
656 0.962172 0.945872 0.928084 0.902027 0.860215 0.797309 0.659441 0.451102 
657 0.959115 0.941546 0.922403 0.894414 0.849642 0.782620 0.637293 0.422587 
658 0.957250 0.938911 0.918946 0.889792 0.843242 0.773775 0.624123 0.406052 
659 0.957449 0.939191 0.919314 0.890283 0.843921 0.774712 0.625513 0.407782 
660 0.959711 0.942389 0.923509 0.895895 0.851695 0.785466 0.641557 0.428007 
661 0.962973 0.947006 0.929575 0.904029 0.863002 0.801197 0.665361 0.458874 
662 0.965671 0.950832 0.934611 0.910796 0.872447 0.814417 0.685673 0.486024 
663 0.966782 0.952407 0.936687 0.913591 0.876356 0.819911 0.694196 0.497638 
664 0.965852 0.951088 0.934949 0.911251 0.873082 0.815310 0.687054 0.487897 
665 0.963398 0.947608 0.930367 0.905091 0.864483 0.803264 0.668519 0.463046 
666 0.960308 0.943233 0.924617 0.897379 0.853754 0.788322 0.645849 0.433497 
667 0.957843 0.939749 0.920044 0.891260 0.845273 0.776578 0.628283 0.411240 
668 0.957142 0.938758 0.918746 0.889524 0.842873 0.773265 0.623368 0.405114 
669 0.958618 0.940843 0.921480 0.893180 0.847932 0.780253 0.633756 0.418115 
670 0.961649 0.945131 0.927111 0.900722 0.858399 0.794780 0.655603 0.446096 
671 0.964711 0.949469 0.932816 0.908383 0.869074 0.809688 0.678375 0.476184 
672 0.966553 0.952083 0.936259 0.913015 0.875551 0.818778 0.692435 0.495227 
673 0.966428 0.951906 0.936026 0.912701 0.875111 0.818160 0.691475 0.493916 
674 0.964501 0.949171 0.932424 0.907856 0.868339 0.808658 0.676791 0.474060 
675 0.961584 0.945039 0.926989 0.900558 0.858172 0.794463 0.655124 0.445473 
676 0.958700 0.940960 0.921633 0.893385 0.848215 0.780646 0.634342 0.418854 
677 0.957205 0.938848 0.918863 0.889681 0.843089 0.773563 0.623810 0.405663 
678 0.957813 0.939707 0.919989 0.891186 0.845171 0.776437 0.628074 0.410979 
679 0.960359 0.943305 0.924711 0.897506 0.853930 0.788567 0.646217 0.433970 
680 0.963570 0.947852 0.930688 0.905523 0.865085 0.804106 0.669807 0.464753 
681 0.965978 0.951267 0.935184 0.911567 0.873524 0.815931 0.688017 0.489204 
682 0.966695 0.952284 0.936525 0.913373 0.876051 0.819482 0.693528 0.496723 
683 0.965453 0.950522 0.934202 0.910247 0.871679 0.813340 0.684007 0.483769 
684 0.962827 0.946799 0.929303 0.903664 0.862493 0.800487 0.664278 0.457448 
685 0.959764 0.942464 0.923606 0.896026 0.851876 0.785717 0.641934 0.428487 
686 0.957612 0.939423 0.919617 0.890688 0.844482 0.775486 0.626661 0.409214 
687 0.957352 0.939055 0.919135 0.890045 0.843592 0.774257 0.624838 0.406941 
688 0.959192 0.941654 0.922545 0.894604 0.849905 0.782985 0.637839 0.423278 
689 0.962304 0.946059 0.928330 0.902357 0.860674 0.797949 0.660414 0.452374 
690 0.965130 0.950063 0.933598 0.909435 0.870544 0.811748 0.681549 0.480451 
691 0.966628 0.952189 0.936399 0.913203 0.875813 0.819148 0.693009 0.496013 
692 0.966184 0.951559 0.935568 0.912085 0.874248 0.816948 0.689593 0.491349 
693 0.964000 0.948461 0.931490 0.906600 0.866586 0.806205 0.673023 0.469028 
694 0.960958 0.944153 0.925825 0.898999 0.856003 0.791447 0.650561 0.439562 
695 0.958265 0.940345 0.920827 0.892306 0.846721 0.778579 0.631261 0.414974 
696 0.957219 0.938867 0.918889 0.889715 0.843136 0.773628 0.623906 0.405782 
697 0.958276 0.940360 0.920846 0.892332 0.846756 0.778628 0.631333 0.415065 
698 0.961021 0.944242 0.925942 0.899155 0.856220 0.791749 0.651017 0.440151 
699 0.964097 0.948599 0.931671 0.906844 0.866926 0.806681 0.673754 0.470002 
700 0.966205 0.951589 0.935608 0.912139 0.874324 0.817054 0.689758 0.491574 
701 0.966581 0.952122 0.936311 0.913085 0.875648 0.818915 0.692647 0.495518 
702 0.965064 0.949970 0.933476 0.909270 0.870313 0.811424 0.681051 0.479780 
703 0.962251 0.945984 0.928231 0.902224 0.860490 0.797692 0.660023 0.451863 
704 0.959219 0.941693 0.922595 0.894671 0.849998 0.783113 0.638031 0.423522 
705 0.957373 0.939085 0.919173 0.890096 0.843662 0.774355 0.624983 0.407121 
706 0.957565 0.939356 0.919530 0.890572 0.844321 0.775264 0.626332 0.408803 
707 0.959796 0.942509 0.923667 0.896106 0.851988 0.785872 0.642166 0.428784 
708 0.962959 0.946986 0.929549 0.903994 0.862953 0.801129 0.665257 0.458738 
709 0.965518 0.950614 0.934324 0.910411 0.871908 0.813662 0.684505 0.484442 
710 0.966631 0.952193 0.936404 0.913211 0.875824 0.819163 0.693033 0.496045 
711 0.965850 0.951085 0.934945 0.911246 0.873075 0.815299 0.687039 0.487876 
712 0.963513 0.947771 0.930581 0.905379 0.864884 0.803825 0.669378 0.464184 
713 0.960452 0.943437 0.924884 0.897737 0.854251 0.789013 0.646890 0.434833 
714 0.957932 0.939874 0.920209 0.891480 0.845578 0.776999 0.628909 0.412024 
715 0.957215 0.938861 0.918880 0.889704 0.843120 0.773607 0.623874 0.405742 
716 0.958662 0.940906 0.921562 0.893290 0.848083 0.780463 0.634069 0.418510 
717 0.961649 0.945131 0.927111 0.900722 0.858399 0.794780 0.655603 0.446096 
718 0.964631 0.949356 0.932667 0.908183 0.868795 0.809297 0.677773 0.475376 
719 0.966409 0.951879 0.935990 0.912652 0.875043 0.818064 0.691325 0.493711 
720 0.966358 0.951806 0.935894 0.912523 0.874862 0.817810 0.690932 0.493174 
721 0.964570 0.949270 0.932554 0.908030 0.868582 0.808998 0.677314 0.474760 
722 0.961722 0.945235 0.927247 0.900904 0.858652 0.795133 0.656137 0.446792 
723 0.958845 0.941164 0.921901 0.893743 0.848712 0.781333 0.635369 0.420151 
724 0.957321 0.939012 0.919078 0.889968 0.843486 0.774111 0.624621 0.406672 
725 0.957847 0.939754 0.920051 0.891268 0.845284 0.776594 0.628307 0.411271 
726 0.960322 0.943253 0.924643 0.897415 0.853804 0.788391 0.645953 0.433631 
727 0.963505 0.947760 0.930567 0.905361 0.864858 0.803789 0.669322 0.464110 
728 0.965875 0.951120 0.934991 0.911308 0.873162 0.815422 0.687228 0.488133 
729 0.966593 0.952140 0.936334 0.913116 0.875691 0.818976 0.692742 0.495647 
730 0.965438 0.950501 0.934175 0.910211 0.871628 0.813268 0.683897 0.483620 
731 0.962963 0.946992 0.929557 0.904005 0.862968 0.801150 0.665289 0.458780 
732 0.959952 0.942730 0.923956 0.896494 0.852526 0.786618 0.643287 0.430216 
733 0.957731 0.939591 0.919837 0.890983 0.844889 0.776048 0.627496 0.410257 
734 0.957410 0.939136 0.919241 0.890186 0.843788 0.774528 0.625240 0.407441 
735 0.959186 0.941647 0.922534 0.894590 0.849886 0.782958 0.637798 0.423227 
736 0.962248 0.945979 0.928225 0.902216 0.860478 0.797676 0.659999 0.451832 
737 0.965051 0.949952 0.933452 0.909238 0.870269 0.811363 0.680956 0.479652 
738 0.966498 0.952005 0.936156 0.912876 0.875356 0.818505 0.692010 0.494646 
739 0.966081 0.951413 0.935376 0.911826 0.873887 0.816439 0.688805 0.490276 
740 0.964097 0.948599 0.931671 0.906844 0.866926 0.806681 0.673754 0.470002 
741 0.961191 0.944483 0.926258 0.899579 0.856810 0.792569 0.652256 0.441753 
742 0.958465 0.940627 0.921197 0.892801 0.847407 0.779527 0.632673 0.416751 
743 0.957309 0.938994 0.919054 0.889937 0.843442 0.774051 0.624533 0.406562 
744 0.958273 0.940357 0.920842 0.892326 0.846748 0.778617 0.631317 0.415045 
745 0.960954 0.944147 0.925817 0.898988 0.855988 0.791426 0.650529 0.439521 
746 0.964018 0.948487 0.931523 0.906645 0.866649 0.806293 0.673158 0.469208 
747 0.966102 0.951443 0.935416 0.911880 0.873963 0.816546 0.688970 0.490501 
748 0.966470 0.951966 0.936104 0.912807 0.875259 0.818368 0.691798 0.494356 
749 0.965016 0.949902 0.933386 0.909149 0.870145 0.811188 0.680687 0.479290 
750 0.962403 0.946198 0.928513 0.902603 0.861016 0.798426 0.661139 0.453325 
751 0.959498 0.942087 0.923113 0.895365 0.850959 0.784446 0.640027 0.426058 
752 0.957606 0.939413 0.919604 0.890671 0.844459 0.775453 0.626613 0.409154 
753 0.957654 0.939481 0.919693 0.890790 0.844623 0.775681 0.626950 0.409575 
754 0.959727 0.942411 0.923538 0.895934 0.851749 0.785541 0.641669 0.428150 
755 0.962842 0.946821 0.929331 0.903701 0.862546 0.800560 0.664390 0.457594 
756 0.965446 0.950512 0.934189 0.910229 0.871653 0.813304 0.683952 0.483694 
757 0.966518 0.952034 0.936194 0.912928 0.875428 0.818606 0.692168 0.494862 
758 0.965736 0.950923 0.934730 0.910958 0.872672 0.814734 0.686163 0.486688 
759 0.963546 0.947817 0.930643 0.905462 0.864999 0.803986 0.669624 0.464510 
760 0.960681 0.943760 0.925309 0.898307 0.855043 0.790112 0.648546 0.436963 
761 0.958200 0.940252 0.920705 0.892143 0.846495 0.778267 0.630795 0.414390 
762 0.957433 0.939169 0.919284 0.890243 0.843866 0.774636 0.625400 0.407642 
763 0.958723 0.940992 0.921675 0.893441 0.848293 0.780753 0.634502 0.419057 
764 0.961565 0.945012 0.926954 0.900512 0.858107 0.794374 0.654988 0.445297 
765 0.964526 0.949207 0.932471 0.907919 0.868427 0.808782 0.676981 0.474315 
766 0.966288 0.951707 0.935764 0.912348 0.874617 0.817466 0.690396 0.492444 
767 0.966227 0.951620 0.935649 0.912193 0.874400 0.817161 0.689924 0.491800 
768 0.964501 0.949171 0.932424 0.907856 0.868339 0.808658 0.676791 0.474060 
769 0.961864 0.945435 0.927510 0.901257 0.859144 0.795817 0.657175 0.448144 
770 0.959133 0.941572 0.922436 0.894459 0.849704 0.782706 0.637422 0.422749 
771 0.957579 0.939376 0.919555 0.890606 0.844368 0.775329 0.626428 0.408923 
772 0.958007 0.939981 0.920348 0.891666 0.845836 0.777355 0.629439 0.412688 
773 0.960330 0.943264 0.924658 0.897434 0.853830 0.788428 0.646009 0.433703 
774 0.963406 0.947620 0.930382 0.905113 0.864512 0.803306 0.668583 0.463131 
775 0.965753 0.950948 0.934763 0.911002 0.872734 0.814820 0.686297 0.486869 
776 0.966473 0.951970 0.936110 0.912815 0.875270 0.818383 0.691821 0.494388 
777 0.965309 0.950317 0.933933 0.909884 0.871172 0.812629 0.682909 0.482285 
778 0.962943 0.946964 0.929519 0.903954 0.862897 0.801050 0.665138 0.458580 
779 0.960176 0.943046 0.924371 0.897050 0.853298 0.787689 0.644897 0.432276 
780 0.958045 0.940034 0.920418 0.891760 0.845964 0.777533 0.629704 0.413020 
781 0.957679 0.939516 0.919740 0.890852 0.844709 0.775800 0.627127 0.409795 
782 0.959307 0.941818 0.922759 0.894891 0.850303 0.783536 0.638664 0.424326 
783 0.962190 0.945896 0.928116 0.902070 0.860275 0.797393 0.659568 0.451268 
784 0.964922 0.949769 0.933211 0.908913 0.869815 0.810726 0.679975 0.478332 
785 0.966382 0.951841 0.935940 0.912585 0.874949 0.817932 0.691121 0.493432 
786 0.965961 0.951243 0.935153 0.911526 0.873467 0.815849 0.687890 0.489033 
787 0.963988 0.948445 0.931468 0.906571 0.866546 0.806148 0.672936 0.468912 
788 0.961248 0.944563 0.926364 0.899721 0.857008 0.792843 0.652671 0.442291 
789 0.958712 0.940976 0.921654 0.893413 0.848254 0.780699 0.634422 0.418955 
790 0.957618 0.939431 0.919627 0.890702 0.844502 0.775513 0.626701 0.409264 
791 0.958515 0.940698 0.921289 0.892925 0.847578 0.779764 0.633026 0.417195 
792 0.961041 0.944270 0.925979 0.899204 0.856289 0.791844 0.651161 0.440337 
793 0.963940 0.948376 0.931377 0.906449 0.866375 0.805910 0.672571 0.468426 
794 0.965947 0.951223 0.935126 0.911489 0.873416 0.815778 0.687780 0.488883 
795 0.966319 0.951751 0.935821 0.912425 0.874725 0.817618 0.690633 0.492766 
796 0.964910 0.949752 0.933189 0.908884 0.869775 0.810670 0.679887 0.478215 
797 0.962412 0.946212 0.928531 0.902627 0.861050 0.798473 0.661211 0.453419 
798 0.959635 0.942282 0.923368 0.895707 0.851433 0.785103 0.641012 0.427313 
799 0.957812 0.939705 0.919987 0.891183 0.845167 0.776432 0.628066 0.410969 
800 0.957932 0.939874 0.920209 0.891480 0.845578 0.776999 0.628909 0.412024 
801 0.959928 0.942695 0.923911 0.896433 0.852442 0.786501 0.643111 0.429991 
802 0.962859 0.946845 0.929363 0.903744 0.862606 0.800643 0.664517 0.457762 
803 0.965311 0.950320 0.933937 0.909890 0.871179 0.812639 0.682925 0.482307 
804 0.966366 0.951818 0.935909 0.912544 0.874891 0.817851 0.690995 0.493260 
805 0.965614 0.950750 0.934502 0.910651 0.872243 0.814132 0.685231 0.485425 
806 0.963480 0.947724 0.930520 0.905297 0.864769 0.803664 0.669131 0.463857 
807 0.960729 0.943829 0.925399 0.898428 0.855211 0.790345 0.648898 0.437417 
808 0.958395 0.940528 0.921067 0.892627 0.847165 0.779193 0.632176 0.416124 
809 0.957682 0.939521 0.919746 0.890861 0.844721 0.775816 0.627151 0.409825 
810 0.958942 0.941301 0.922081 0.893984 0.849045 0.781795 0.636058 0.421023 
811 0.961674 0.945167 0.927157 0.900784 0.858486 0.794901 0.655786 0.446335 
812 0.964482 0.949144 0.932389 0.907808 0.868273 0.808566 0.676648 0.473869 
813 0.966124 0.951474 0.935457 0.911935 0.874039 0.816653 0.689136 0.490727 
814 0.966094 0.951432 0.935401 0.911860 0.873934 0.816506 0.688907 0.490416 
815 0.964421 0.949058 0.932275 0.907655 0.868059 0.808266 0.676188 0.473254 
816 0.961851 0.945417 0.927486 0.901225 0.859098 0.795754 0.657079 0.448019 
817 0.959228 0.941705 0.922611 0.894693 0.850029 0.783156 0.638095 0.423603 
818 0.957766 0.939639 0.919901 0.891068 0.845007 0.776210 0.627737 0.410558 
819 0.958237 0.940305 0.920774 0.892236 0.846624 0.778445 0.631060 0.414722 
820 0.960538 0.943559 0.925044 0.897952 0.854550 0.789427 0.647514 0.435635 
821 0.963462 0.947698 0.930486 0.905251 0.864706 0.803576 0.668996 0.463678 
822 0.965602 0.950733 0.934481 0.910622 0.872203 0.814075 0.685145 0.485308 
823 0.966289 0.951708 0.935766 0.912351 0.874620 0.817471 0.690404 0.492455 
824 0.965229 0.950203 0.933783 0.909683 0.870891 0.812234 0.682300 0.481464 
825 0.962966 0.946995 0.929561 0.904010 0.862976 0.801160 0.665305 0.458801 
826 0.960220 0.943109 0.924454 0.897161 0.853451 0.787902 0.645217 0.432686 
827 0.958133 0.940157 0.920580 0.891977 0.846265 0.777949 0.630322 0.413795 
828 0.957857 0.939768 0.920070 0.891294 0.845320 0.776643 0.628379 0.411361 
829 0.959492 0.942079 0.923102 0.895351 0.850940 0.784419 0.639987 0.426007 
830 0.962315 0.946074 0.928350 0.902384 0.860711 0.798001 0.660493 0.452479 
831 0.964895 0.949730 0.933160 0.908845 0.869720 0.810593 0.679769 0.478055 
832 0.966193 0.951572 0.935585 0.912108 0.874281 0.816993 0.689664 0.491445 
833 0.965814 0.951034 0.934877 0.911155 0.872948 0.815121 0.686763 0.487501 
834 0.963967 0.948415 0.931428 0.906518 0.866472 0.806045 0.672777 0.468701 
835 0.961317 0.944661 0.926493 0.899893 0.857247 0.793176 0.653175 0.442944 
836 0.958839 0.941156 0.921891 0.893729 0.848693 0.781306 0.635329 0.420100 
837 0.957753 0.939621 0.919877 0.891036 0.844964 0.776151 0.627649 0.410447 
838 0.958652 0.940891 0.921543 0.893264 0.848048 0.780414 0.633997 0.418419 
839 0.961155 0.944431 0.926191 0.899489 0.856685 0.792394 0.651992 0.441412 
840 0.963981 0.948434 0.931454 0.906552 0.866520 0.806112 0.672881 0.468838 
841 0.965839 0.951069 0.934923 0.911217 0.873035 0.815243 0.686952 0.487758 
842 0.966134 0.951489 0.935476 0.911961 0.874075 0.816704 0.689215 0.490834 
843 0.964821 0.949625 0.933021 0.908659 0.869460 0.810228 0.679207 0.477300 
844 0.962445 0.946258 0.928591 0.902708 0.861162 0.798630 0.661450 0.453732 
845 0.959763 0.942462 0.923604 0.896023 0.851872 0.785712 0.641926 0.428477 
846 0.957981 0.939944 0.920300 0.891602 0.845746 0.777231 0.629254 0.412457 
847 0.958085 0.940090 0.920492 0.891858 0.846101 0.777722 0.629985 0.413372 
848 0.960037 0.942850 0.924113 0.896705 0.852818 0.787023 0.643896 0.430994 
849 0.962929 0.946944 0.929493 0.903919 0.862849 0.800983 0.665034 0.458444 
850 0.965264 0.950254 0.933849 0.909772 0.871015 0.812408 0.682569 0.481827 
851 0.966175 0.951547 0.935553 0.912064 0.874219 0.816907 0.689530 0.491263 
852 0.965464 0.950538 0.934224 0.910276 0.871719 0.813396 0.684094 0.483887 
853 0.963474 0.947716 0.930510 0.905283 0.864750 0.803638 0.669091 0.463805 
854 0.960853 0.944004 0.925629 0.898735 0.855638 0.790939 0.649793 0.438571 
855 0.958579 0.940789 0.921409 0.893085 0.847799 0.780070 0.633484 0.417771 
856 0.957853 0.939763 0.920063 0.891285 0.845308 0.776626 0.628355 0.411331 
857 0.959047 0.941449 0.922275 0.894244 0.849406 0.782293 0.636804 0.421967 
858 0.961749 0.945272 0.927295 0.900969 0.858743 0.795259 0.656329 0.447042 
859 0.964487 0.949152 0.932399 0.907822 0.868291 0.808591 0.676688 0.473922 
860 0.966008 0.951309 0.935239 0.911642 0.873630 0.816078 0.688245 0.489515 
861 0.965892 0.951145 0.935024 0.911352 0.873224 0.815508 0.687362 0.488315 
862 0.964288 0.948870 0.932027 0.907323 0.867595 0.807616 0.675189 0.471918 
863 0.961923 0.945518 0.927619 0.901404 0.859348 0.796101 0.657606 0.448706 
864 0.959466 0.942043 0.923054 0.895287 0.850851 0.784296 0.639802 0.425772 
865 0.958014 0.939990 0.920361 0.891683 0.845859 0.777388 0.629487 0.412748 
866 0.958406 0.940544 0.921088 0.892655 0.847204 0.779247 0.632256 0.416225 
867 0.960580 0.943618 0.925122 0.898057 0.854695 0.789629 0.647818 0.436026 
868 0.963472 0.947713 0.930506 0.905278 0.864743 0.803628 0.669076 0.463784 
869 0.965570 0.950688 0.934421 0.910541 0.872090 0.813917 0.684900 0.484976 
870 0.966112 0.951456 0.935434 0.911904 0.873995 0.816592 0.689041 0.490598 
871 0.965012 0.949896 0.933378 0.909139 0.870130 0.811168 0.680655 0.479247 
872 0.962893 0.946892 0.929425 0.903828 0.862722 0.800805 0.664764 0.458087 
873 0.960389 0.943347 0.924767 0.897580 0.854033 0.788710 0.646434 0.434247 
874 0.958453 0.940610 0.921174 0.892770 0.847364 0.779468 0.632585 0.416639 
875 0.958129 0.940153 0.920574 0.891968 0.846253 0.777932 0.630298 0.413765 
876 0.959635 0.942282 0.923368 0.895707 0.851433 0.785103 0.641012 0.427313 
877 0.962359 0.946137 0.928432 0.902495 0.860866 0.798216 0.660820 0.452907 
878 0.964851 0.949668 0.933078 0.908735 0.869566 0.810377 0.679436 0.477608 
879 0.966054 0.951375 0.935326 0.911759 0.873792 0.816307 0.688600 0.489997 
880 0.965593 0.950720 0.934464 0.910599 0.872170 0.814029 0.685073 0.485212 
881 0.963785 0.948156 0.931088 0.906061 0.865835 0.805154 0.671412 0.466884 
882 0.961395 0.944771 0.926637 0.900087 0.857516 0.793551 0.653742 0.443679 
883 0.959095 0.941518 0.922365 0.894364 0.849572 0.782524 0.637149 0.422404 
884 0.958059 0.940053 0.920443 0.891793 0.846011 0.777598 0.629800 0.413141 
885 0.958913 0.941260 0.922027 0.893911 0.848945 0.781655 0.635850 0.420759 
886 0.961285 0.944616 0.926434 0.899814 0.857137 0.793023 0.652943 0.442643 
887 0.963982 0.948436 0.931456 0.906555 0.866523 0.806117 0.672888 0.468849 
888 0.965720 0.950901 0.934702 0.910919 0.872617 0.814657 0.686044 0.486527 
889 0.965932 0.951201 0.935097 0.911451 0.873361 0.815702 0.687662 0.488722 
890 0.964578 0.949282 0.932569 0.908051 0.868611 0.809040 0.677377 0.474845 
891 0.962354 0.946129 0.928422 0.902481 0.860847 0.798190 0.660780 0.452855 
892 0.959951 0.942728 0.923954 0.896492 0.852522 0.786613 0.643279 0.430206 
893 0.958325 0.940429 0.920936 0.892453 0.846924 0.778859 0.631678 0.415499 
894 0.958416 0.940559 0.921107 0.892680 0.847239 0.779296 0.632328 0.416316 
895 0.960242 0.943140 0.924495 0.897216 0.853528 0.788008 0.645377 0.432891 
896 0.962990 0.947030 0.929607 0.904072 0.863062 0.801280 0.665488 0.459042 
897 0.965199 0.950162 0.933729 0.909610 0.870788 0.812091 0.682079 0.481165 
898 0.966019 0.951325 0.935261 0.911671 0.873669 0.816134 0.688332 0.489633 
899 0.965197 0.950159 0.933725 0.909605 0.870781 0.812081 0.682063 0.481144 
900 0.963246 0.947393 0.930084 0.904712 0.863954 0.802525 0.667390 0.461552 
901 0.960898 0.944068 0.925713 0.898848 0.855794 0.791156 0.650121 0.438994 
902 0.958849 0.941171 0.921910 0.893755 0.848727 0.781354 0.635401 0.420191 
903 0.958222 0.940284 0.920747 0.892199 0.846573 0.778375 0.630956 0.414591 
904 0.959405 0.941956 0.922940 0.895134 0.850639 0.784002 0.639362 0.425212 
905 0.961938 0.945540 0.927647 0.901442 0.859400 0.796174 0.657718 0.448851 
906 0.964458 0.949110 0.932344 0.907748 0.868188 0.808447 0.676466 0.473625 
907 0.965835 0.951063 0.934916 0.911207 0.873020 0.815223 0.686920 0.487715 
908 0.965666 0.950825 0.934601 0.910783 0.872428 0.814392 0.685634 0.485971 
909 0.964069 0.948559 0.931618 0.906772 0.866827 0.806542 0.673539 0.469716 
910 0.961825 0.945380 0.927437 0.901159 0.859008 0.795627 0.656888 0.447769 
911 0.959565 0.942182 0.923237 0.895532 0.851191 0.784766 0.640508 0.426670 
912 0.958306 0.940403 0.920903 0.892408 0.846861 0.778773 0.631550 0.415337 
913 0.958814 0.941121 0.921845 0.893668 0.848607 0.781188 0.635152 0.419877 
914 0.960905 0.944078 0.925727 0.898867 0.855821 0.791193 0.650177 0.439067 
915 0.963563 0.947842 0.930674 0.905505 0.865059 0.804070 0.669751 0.464679 
916 0.965432 0.950492 0.934164 0.910195 0.871606 0.813237 0.683849 0.483556 
917 0.965894 0.951148 0.935028 0.911357 0.873231 0.815518 0.687378 0.488336 
918 0.964785 0.949574 0.932955 0.908569 0.869335 0.810053 0.678937 0.476938 
919 0.962706 0.946627 0.929077 0.903360 0.862070 0.799896 0.663378 0.456264 
920 0.960407 0.943374 0.924802 0.897627 0.854098 0.788800 0.646570 0.434422 
921 0.958665 0.940911 0.921568 0.893298 0.848095 0.780479 0.634093 0.418540 
922 0.958462 0.940623 0.921191 0.892793 0.847395 0.779511 0.632649 0.416720 
923 0.959996 0.942791 0.924037 0.896602 0.852676 0.786826 0.643600 0.430615 
924 0.962591 0.946465 0.928864 0.903075 0.861673 0.799342 0.662534 0.455154 
925 0.964831 0.949640 0.933041 0.908685 0.869496 0.810279 0.679286 0.477406 
926 0.965843 0.951075 0.934931 0.911228 0.873050 0.815264 0.686983 0.487801 
927 0.965345 0.950369 0.934001 0.909976 0.871300 0.812808 0.683185 0.482659 
928 0.963589 0.947879 0.930724 0.905571 0.865152 0.804199 0.669950 0.464943 
929 0.961312 0.944653 0.926482 0.899879 0.857228 0.793150 0.653135 0.442892 
930 0.959195 0.941659 0.922551 0.894613 0.849916 0.783001 0.637863 0.423308 
931 0.958343 0.940454 0.920970 0.892498 0.846986 0.778946 0.631807 0.415660 
932 0.959289 0.941793 0.922726 0.894847 0.850241 0.783451 0.638536 0.424163 
933 0.961602 0.945065 0.927023 0.900605 0.858236 0.794553 0.655259 0.445650 
934 0.964080 0.948575 0.931640 0.906801 0.866867 0.806598 0.673627 0.469832 
935 0.965541 0.950647 0.934367 0.910469 0.871988 0.813774 0.684679 0.484677 
936 0.965679 0.950842 0.934624 0.910815 0.872472 0.814453 0.685729 0.486099 
937 0.964384 0.949006 0.932206 0.907563 0.867930 0.808086 0.675911 0.472882 
938 0.962243 0.945971 0.928215 0.902203 0.860459 0.797650 0.659959 0.451780 
939 0.959972 0.942758 0.923993 0.896544 0.852595 0.786714 0.643431 0.430400 
940 0.958492 0.940666 0.921247 0.892869 0.847500 0.779656 0.632866 0.416993 
941 0.958722 0.940990 0.921673 0.893438 0.848289 0.780748 0.634494 0.419046 
942 0.960603 0.943651 0.925166 0.898114 0.854775 0.789740 0.647986 0.436242 
943 0.963210 0.947341 0.930016 0.904621 0.863827 0.802348 0.667119 0.461195 
944 0.965142 0.950081 0.933622 0.909466 0.870587 0.811809 0.681644 0.480579 
945 0.965761 0.950959 0.934779 0.911022 0.872763 0.814861 0.686360 0.486955 
946 0.964948 0.949806 0.933259 0.908979 0.869907 0.810855 0.680172 0.478598 
947 0.963101 0.947187 0.929813 0.904348 0.863446 0.801817 0.666308 0.460123 
948 0.960903 0.944075 0.925723 0.898861 0.855813 0.791182 0.650161 0.439046 
949 0.959002 0.941386 0.922192 0.894132 0.849251 0.782079 0.636483 0.421561 
950 0.958461 0.940621 0.921189 0.892790 0.847391 0.779505 0.632641 0.416710 
951 0.959707 0.942383 0.923501 0.895884 0.851680 0.785445 0.641525 0.427966 
952 0.962192 0.945899 0.928120 0.902076 0.860282 0.797403 0.659584 0.451289 
953 0.964547 0.949237 0.932510 0.907972 0.868501 0.808885 0.677139 0.474527 
954 0.965675 0.950836 0.934616 0.910804 0.872458 0.814433 0.685697 0.486056 
955 0.965366 0.950398 0.934039 0.910028 0.871373 0.812910 0.683344 0.482872 
956 0.963833 0.948224 0.931178 0.906181 0.866001 0.805387 0.671769 0.467359 
957 0.961771 0.945304 0.927338 0.901026 0.858822 0.795369 0.656497 0.447260 
958 0.959698 0.942370 0.923484 0.895862 0.851649 0.785402 0.641461 0.427885 
959 0.958559 0.940760 0.921371 0.893034 0.847729 0.779974 0.633339 0.417589 
960 0.959116 0.941548 0.922405 0.894417 0.849646 0.782626 0.637301 0.422597 
961 0.961163 0.944442 0.926205 0.899508 0.856711 0.792431 0.652048 0.441484 
962 0.963729 0.948077 0.930984 0.905920 0.865638 0.804879 0.670991 0.466324 
963 0.965369 0.950403 0.934045 0.910036 0.871383 0.812925 0.683367 0.482904 
964 0.965603 0.950735 0.934483 0.910625 0.872207 0.814080 0.685152 0.485319 
965 0.964502 0.949173 0.932426 0.907859 0.868343 0.808663 0.676799 0.474070 
966 0.962581 0.946450 0.928844 0.903048 0.861635 0.799290 0.662454 0.455050 
967 0.960485 0.943484 0.924946 0.897820 0.854366 0.789172 0.647130 0.435141 
968 0.958875 0.941207 0.921958 0.893819 0.848817 0.781478 0.635585 0.420425 
969 0.958770 0.941059 0.921763 0.893559 0.848456 0.780979 0.634839 0.419482 
970 0.960303 0.943227 0.924608 0.897368 0.853739 0.788301 0.645817 0.433456 
971 0.962780 0.946732 0.929215 0.903545 0.862329 0.800257 0.663928 0.456987 
972 0.964880 0.949709 0.933133 0.908808 0.869669 0.810521 0.679658 0.477906 
973 0.965631 0.950775 0.934535 0.910695 0.872305 0.814218 0.685366 0.485607 
974 0.964997 0.949875 0.933351 0.909102 0.870079 0.811096 0.680544 0.479098 
975 0.963350 0.947540 0.930277 0.904971 0.864315 0.803030 0.668161 0.462573 
976 0.961316 0.944660 0.926491 0.899890 0.857243 0.793171 0.653167 0.442933 
977 0.959431 0.941992 0.922988 0.895198 0.850728 0.784125 0.639546 0.425446 
978 0.958673 0.940922 0.921583 0.893318 0.848122 0.780517 0.634150 0.418611 
979 0.959595 0.942225 0.923293 0.895607 0.851295 0.784911 0.640724 0.426945 
980 0.961813 0.945363 0.927415 0.901130 0.858966 0.795569 0.656800 0.447655 
981 0.964202 0.948747 0.931866 0.907106 0.867292 0.807193 0.674539 0.471049 
982 0.965465 0.950539 0.934226 0.910278 0.871722 0.813401 0.684102 0.483897 
983 0.965349 0.950375 0.934008 0.909986 0.871314 0.812828 0.683217 0.482701 
984 0.964010 0.948476 0.931509 0.906627 0.866623 0.806257 0.673103 0.469134 
985 0.962093 0.945760 0.927936 0.901829 0.859940 0.796926 0.658859 0.450341 
986 0.960141 0.942997 0.924307 0.896965 0.853179 0.787524 0.644649 0.431958 
987 0.958864 0.941191 0.921937 0.893791 0.848778 0.781424 0.635505 0.420323 
988 0.959127 0.941562 0.922424 0.894442 0.849680 0.782674 0.637374 0.422688 
989 0.960899 0.944069 0.925715 0.898850 0.855798 0.791161 0.650129 0.439005 
990 0.963354 0.947546 0.930285 0.904982 0.864330 0.803051 0.668193 0.462615 
991 0.965121 0.950051 0.933583 0.909414 0.870514 0.811706 0.681486 0.480366 
992 0.965524 0.950623 0.934336 0.910427 0.871930 0.813692 0.684552 0.484506 
993 0.964563 0.949259 0.932540 0.908011 0.868556 0.808962 0.677258 0.474686 
994 0.962807 0.946770 0.929265 0.903613 0.862422 0.800387 0.664127 0.457249 
995 0.960904 0.944077 0.925725 0.898864 0.855817 0.791188 0.650169 0.439056 
996 0.959278 0.941777 0.922705 0.894819 0.850203 0.783397 0.638456 0.424061 
997 0.958919 0.941270 0.922039 0.893928 0.848968 0.781687 0.635898 0.420820 
998 0.960145 0.943002 0.924314 0.896973 0.853190 0.787540 0.644673 0.431989 
999 0.962412 0.946212 0.928531 0.902627 0.861050 0.798473 0.661211 0.453419 
