0 1.906992e-06 -7.228213e+02 -7.228199e+02
1 2.034651e-06 -7.228213e+02 -7.228199e+02
2 2.544618e-06 -7.228214e+02 -7.228198e+02
3 3.147298e-06 -7.228215e+02 -7.228197e+02
4 3.534289e-06 -7.228217e+02 -7.228198e+02
5 3.513970e-06 -7.228219e+02 -7.228201e+02
6 3.110127e-06 -7.228221e+02 -7.228204e+02
7 2.520660e-06 -7.228224e+02 -7.228208e+02
8 1.945467e-06 -7.228225e+02 -7.228211e+02
9 1.398761e-06 -7.228227e+02 -7.228215e+02
10 7.308239e-07 -7.228227e+02 -7.228219e+02
11 7.100201e-08 -7.228227e+02 -7.228225e+02
12 3.963296e-07 -7.228227e+02 -7.228233e+02
13 2.713142e-06 -7.228225e+02 -7.228242e+02
14 5.735560e-06 -7.228224e+02 -7.228248e+02
15 6.273494e-06 -7.228222e+02 -7.228247e+02
16 3.562714e-06 -7.228220e+02 -7.228239e+02
17 6.884656e-07 -7.228218e+02 -7.228226e+02
18 2.249336e-08 -7.228217e+02 -7.228215e+02
19 3.490921e-07 -7.228216e+02 -7.228210e+02
20 1.196667e-07 -7.228215e+02 -7.228212e+02
21 1.341217e-07 -7.228215e+02 -7.228219e+02
22 1.249109e-06 -7.228215e+02 -7.228227e+02
23 2.213798e-06 -7.228216e+02 -7.228231e+02
24 1.515824e-06 -7.228217e+02 -7.228229e+02
25 9.081501e-08 -7.228218e+02 -7.228221e+02
26 1.214130e-06 -7.228218e+02 -7.228207e+02
27 6.690694e-06 -7.228219e+02 -7.228193e+02
28 1.339753e-05 -7.228218e+02 -7.228182e+02
29 1.551818e-05 -7.228218e+02 -7.228179e+02
30 1.124219e-05 -7.228217e+02 -7.228184e+02
31 4.967170e-06 -7.228216e+02 -7.228194e+02
32 1.233824e-06 -7.228215e+02 -7.228204e+02
33 2.424944e-07 -7.228214e+02 -7.228209e+02
34 3.831967e-07 -7.228213e+02 -7.228207e+02
35 2.094239e-06 -7.228212e+02 -7.228198e+02
36 7.353492e-06 -7.228212e+02 -7.228185e+02
37 1.619706e-05 -7.228213e+02 -7.228172e+02
38 2.479374e-05 -7.228213e+02 -7.228164e+02
39 2.766336e-05 -7.228215e+02 -7.228162e+02
40 2.262155e-05 -7.228216e+02 -7.228168e+02
41 1.321497e-05 -7.228217e+02 -7.228181e+02
42 5.214301e-06 -7.228218e+02 -7.228196e+02
43 1.250643e-06 -7.228219e+02 -7.228208e+02
44 1.337896e-07 -7.228220e+02 -7.228216e+02
45 3.328127e-09 -7.228220e+02 -7.228220e+02
46 1.836132e-07 -7.228219e+02 -7.228224e+02
47 9.284989e-07 -7.228218e+02 -7.228228e+02
48 2.667138e-06 -7.228217e+02 -7.228233e+02
49 4.870511e-06 -7.228215e+02 -7.228237e+02
50 6.113330e-06 -7.228214e+02 -7.228238e+02
51 5.757039e-06 -7.228212e+02 -7.228236e+02
52 4.558182e-06 -7.228211e+02 -7.228233e+02
53 3.524136e-06 -7.228211e+02 -7.228230e+02
54 3.005317e-06 -7.228211e+02 -7.228228e+02
55 2.743425e-06 -7.228212e+02 -7.228229e+02
56 2.195044e-06 -7.228213e+02 -7.228228e+02
57 1.061078e-06 -7.228215e+02 -7.228225e+02
58 5.049669e-08 -7.228217e+02 -7.228219e+02
59 7.392156e-07 -7.228219e+02 -7.228211e+02
60 4.028426e-06 -7.228221e+02 -7.228201e+02
61 8.746984e-06 -7.228222e+02 -7.228193e+02
62 1.175167e-05 -7.228223e+02 -7.228189e+02
63 1.063569e-05 -7.228224e+02 -7.228191e+02
64 6.407253e-06 -7.228224e+02 -7.228199e+02
65 2.468119e-06 -7.228223e+02 -7.228208e+02
66 7.302674e-07 -7.228222e+02 -7.228214e+02
67 5.651358e-07 -7.228221e+02 -7.228214e+02
68 1.812874e-06 -7.228220e+02 -7.228207e+02
69 5.883719e-06 -7.228219e+02 -7.228195e+02
70 1.302479e-05 -7.228218e+02 -7.228182e+02
71 2.036330e-05 -7.228218e+02 -7.228173e+02
72 2.385513e-05 -7.228218e+02 -7.228169e+02
73 2.162977e-05 -7.228218e+02 -7.228172e+02
74 1.535174e-05 -7.228218e+02 -7.228179e+02
75 8.588575e-06 -7.228219e+02 -7.228190e+02
76 4.000968e-06 -7.228219e+02 -7.228199e+02
77 2.033811e-06 -7.228220e+02 -7.228205e+02
78 1.671641e-06 -7.228220e+02 -7.228207e+02
79 1.959137e-06 -7.228219e+02 -7.228205e+02
80 1.722877e-06 -7.228219e+02 -7.228206e+02
81 4.035478e-07 -7.228218e+02 -7.228211e+02
82 4.555813e-07 -7.228217e+02 -7.228224e+02
83 4.989591e-06 -7.228216e+02 -7.228238e+02
84 1.202884e-05 -7.228215e+02 -7.228249e+02
85 1.568737e-05 -7.228214e+02 -7.228254e+02
86 1.328823e-05 -7.228214e+02 -7.228250e+02
87 7.744083e-06 -7.228214e+02 -7.228241e+02
88 3.144543e-06 -7.228214e+02 -7.228232e+02
89 9.504020e-07 -7.228215e+02 -7.228225e+02
90 3.508146e-07 -7.228216e+02 -7.228222e+02
91 4.261783e-07 -7.228217e+02 -7.228223e+02
92 1.078424e-06 -7.228218e+02 -7.228228e+02
93 2.251372e-06 -7.228218e+02 -7.228233e+02
94 3.206052e-06 -7.228218e+02 -7.228236e+02
95 2.987291e-06 -7.228218e+02 -7.228236e+02
96 1.727805e-06 -7.228218e+02 -7.228231e+02
97 5.457249e-07 -7.228217e+02 -7.228224e+02
98 6.019535e-08 -7.228216e+02 -7.228218e+02
99 2.964254e-09 -7.228215e+02 -7.228214e+02
100 5.978662e-08 -7.228214e+02 -7.228211e+02
101 2.284322e-07 -7.228213e+02 -7.228208e+02
102 6.733439e-07 -7.228212e+02 -7.228204e+02
103 1.476033e-06 -7.228212e+02 -7.228200e+02
104 2.482104e-06 -7.228213e+02 -7.228197e+02
105 3.501672e-06 -7.228214e+02 -7.228196e+02
106 4.544378e-06 -7.228216e+02 -7.228195e+02
107 5.786022e-06 -7.228218e+02 -7.228194e+02
108 7.382877e-06 -7.228221e+02 -7.228194e+02
109 9.354139e-06 -7.228223e+02 -7.228192e+02
110 1.165183e-05 -7.228225e+02 -7.228191e+02
111 1.423290e-05 -7.228226e+02 -7.228189e+02
112 1.685542e-05 -7.228227e+02 -7.228186e+02
113 1.832063e-05 -7.228228e+02 -7.228185e+02
114 1.686766e-05 -7.228227e+02 -7.228186e+02
115 1.170583e-05 -7.228226e+02 -7.228192e+02
116 5.187645e-06 -7.228224e+02 -7.228201e+02
117 1.085494e-06 -7.228222e+02 -7.228212e+02
118 6.151667e-08 -7.228220e+02 -7.228217e+02
119 9.088327e-08 -7.228218e+02 -7.228215e+02
120 1.522896e-06 -7.228216e+02 -7.228204e+02
121 7.091940e-06 -7.228215e+02 -7.228188e+02
122 1.573430e-05 -7.228215e+02 -7.228175e+02
123 2.098777e-05 -7.228215e+02 -7.228169e+02
124 1.798282e-05 -7.228216e+02 -7.228173e+02
125 9.407855e-06 -7.228217e+02 -7.228187e+02
126 2.144962e-06 -7.228219e+02 -7.228204e+02
127 4.768714e-09 -7.228221e+02 -7.228221e+02
128 1.276950e-06 -7.228222e+02 -7.228234e+02
129 2.347551e-06 -7.228224e+02 -7.228239e+02
130 1.833889e-06 -7.228225e+02 -7.228238e+02
131 8.314899e-07 -7.228225e+02 -7.228234e+02
132 3.886863e-07 -7.228225e+02 -7.228231e+02
133 6.099827e-07 -7.228225e+02 -7.228232e+02
134 1.941829e-06 -7.228224e+02 -7.228238e+02
135 4.826871e-06 -7.228222e+02 -7.228244e+02
136 8.097671e-06 -7.228221e+02 -7.228249e+02
137 9.597307e-06 -7.228219e+02 -7.228250e+02
138 8.356032e-06 -7.228218e+02 -7.228247e+02
139 5.312846e-06 -7.228217e+02 -7.228240e+02
140 2.226502e-06 -7.228216e+02 -7.228231e+02
141 4.160879e-07 -7.228216e+02 -7.228223e+02
142 7.709648e-10 -7.228217e+02 -7.228216e+02
143 1.156641e-07 -7.228217e+02 -7.228214e+02
144 5.051600e-08 -7.228218e+02 -7.228216e+02
145 4.295326e-08 -7.228219e+02 -7.228221e+02
146 5.004870e-07 -7.228219e+02 -7.228226e+02
147 1.104864e-06 -7.228220e+02 -7.228230e+02
148 1.430675e-06 -7.228220e+02 -7.228232e+02
149 1.637248e-06 -7.228220e+02 -7.228233e+02
150 2.104428e-06 -7.228220e+02 -7.228235e+02
151 2.860942e-06 -7.228220e+02 -7.228237e+02
152 3.317570e-06 -7.228220e+02 -7.228238e+02
153 2.773026e-06 -7.228219e+02 -7.228236e+02
154 1.485239e-06 -7.228219e+02 -7.228231e+02
155 4.638349e-07 -7.228218e+02 -7.228225e+02
156 1.137886e-07 -7.228218e+02 -7.228222e+02
157 1.684224e-07 -7.228219e+02 -7.228223e+02
158 8.846534e-07 -7.228219e+02 -7.228229e+02
159 3.125105e-06 -7.228220e+02 -7.228238e+02
160 6.780217e-06 -7.228221e+02 -7.228247e+02
161 9.920097e-06 -7.228222e+02 -7.228253e+02
162 1.037816e-05 -7.228222e+02 -7.228254e+02
163 8.013126e-06 -7.228223e+02 -7.228251e+02
164 4.814586e-06 -7.228223e+02 -7.228245e+02
165 2.724364e-06 -7.228223e+02 -7.228239e+02
166 2.238836e-06 -7.228222e+02 -7.228237e+02
167 3.277033e-06 -7.228221e+02 -7.228240e+02
168 5.593509e-06 -7.228221e+02 -7.228244e+02
169 7.511912e-06 -7.228220e+02 -7.228247e+02
170 6.607915e-06 -7.228219e+02 -7.228245e+02
171 3.071311e-06 -7.228218e+02 -7.228236e+02
172 2.417895e-07 -7.228218e+02 -7.228223e+02
173 6.762521e-07 -7.228218e+02 -7.228210e+02
174 3.190001e-06 -7.228219e+02 -7.228201e+02
175 4.557099e-06 -7.228220e+02 -7.228199e+02
176 3.276451e-06 -7.228222e+02 -7.228204e+02
177 9.119066e-07 -7.228224e+02 -7.228214e+02
178 1.857363e-08 -7.228226e+02 -7.228227e+02
179 1.192025e-06 -7.228227e+02 -7.228238e+02
180 2.459256e-06 -7.228228e+02 -7.228244e+02
181 1.884475e-06 -7.228229e+02 -7.228243e+02
182 3.849593e-07 -7.228229e+02 -7.228235e+02
183 7.092139e-08 -7.228229e+02 -7.228226e+02
184 5.706160e-07 -7.228228e+02 -7.228221e+02
185 2.919795e-07 -7.228227e+02 -7.228222e+02
186 5.257311e-08 -7.228226e+02 -7.228228e+02
187 1.081752e-06 -7.228224e+02 -7.228235e+02
188 1.782055e-06 -7.228223e+02 -7.228236e+02
189 6.792961e-07 -7.228222e+02 -7.228230e+02
190 1.632128e-07 -7.228221e+02 -7.228217e+02
191 3.920580e-06 -7.228221e+02 -7.228201e+02
192 1.188233e-05 -7.228221e+02 -7.228187e+02
193 1.971709e-05 -7.228222e+02 -7.228178e+02
194 2.282536e-05 -7.228223e+02 -7.228175e+02
195 2.009476e-05 -7.228225e+02 -7.228180e+02
196 1.397957e-05 -7.228226e+02 -7.228189e+02
197 8.013080e-06 -7.228227e+02 -7.228199e+02
198 4.121140e-06 -7.228228e+02 -7.228208e+02
199 2.156832e-06 -7.228229e+02 -7.228214e+02
200 1.173051e-06 -7.228228e+02 -7.228218e+02
201 4.703587e-07 -7.228228e+02 -7.228221e+02
202 2.629950e-08 -7.228226e+02 -7.228225e+02
203 1.697072e-07 -7.228225e+02 -7.228229e+02
204 7.274238e-07 -7.228223e+02 -7.228232e+02
205 1.161580e-06 -7.228221e+02 -7.228232e+02
206 1.463075e-06 -7.228219e+02 -7.228231e+02
207 2.180689e-06 -7.228218e+02 -7.228232e+02
208 4.172861e-06 -7.228216e+02 -7.228237e+02
209 8.455358e-06 -7.228216e+02 -7.228245e+02
210 1.543522e-05 -7.228215e+02 -7.228255e+02
211 2.403808e-05 -7.228216e+02 -7.228265e+02
212 3.173957e-05 -7.228216e+02 -7.228272e+02
213 3.556887e-05 -7.228216e+02 -7.228276e+02
214 3.360277e-05 -7.228217e+02 -7.228275e+02
215 2.643308e-05 -7.228217e+02 -7.228268e+02
216 1.738599e-05 -7.228217e+02 -7.228259e+02
217 1.051088e-05 -7.228216e+02 -7.228249e+02
218 7.781299e-06 -7.228216e+02 -7.228243e+02
219 9.313502e-06 -7.228214e+02 -7.228245e+02
220 1.486052e-05 -7.228213e+02 -7.228252e+02
221 2.153722e-05 -7.228211e+02 -7.228258e+02
222 2.289283e-05 -7.228210e+02 -7.228258e+02
223 1.564144e-05 -7.228209e+02 -7.228249e+02
224 5.189458e-06 -7.228208e+02 -7.228231e+02
225 6.805512e-08 -7.228208e+02 -7.228211e+02
226 2.120196e-06 -7.228209e+02 -7.228194e+02
227 5.712224e-06 -7.228209e+02 -7.228186e+02
228 5.805034e-06 -7.228211e+02 -7.228187e+02
229 3.113719e-06 -7.228213e+02 -7.228195e+02
230 9.089281e-07 -7.228214e+02 -7.228205e+02
231 2.631110e-07 -7.228216e+02 -7.228211e+02
232 6.835512e-07 -7.228218e+02 -7.228210e+02
233 3.925192e-06 -7.228219e+02 -7.228199e+02
234 1.379143e-05 -7.228220e+02 -7.228183e+02
235 3.010225e-05 -7.228220e+02 -7.228165e+02
236 4.557117e-05 -7.228220e+02 -7.228153e+02
237 5.268323e-05 -7.228220e+02 -7.228147e+02
238 5.169866e-05 -7.228219e+02 -7.228147e+02
239 4.866346e-05 -7.228218e+02 -7.228148e+02
240 4.866022e-05 -7.228217e+02 -7.228147e+02
241 5.334196e-05 -7.228216e+02 -7.228143e+02
242 6.149198e-05 -7.228216e+02 -7.228137e+02
243 7.000158e-05 -7.228216e+02 -7.228132e+02
244 7.492505e-05 -7.228216e+02 -7.228130e+02
245 7.267773e-05 -7.228217e+02 -7.228132e+02
246 6.161525e-05 -7.228219e+02 -7.228140e+02
247 4.381333e-05 -7.228220e+02 -7.228154e+02
248 2.487238e-05 -7.228222e+02 -7.228172e+02
249 1.079465e-05 -7.228223e+02 -7.228190e+02
250 3.546284e-06 -7.228224e+02 -7.228205e+02
251 9.423857e-07 -7.228225e+02 -7.228215e+02
252 1.783377e-07 -7.228225e+02 -7.228221e+02
253 8.915202e-09 -7.228224e+02 -7.228225e+02
254 6.778410e-07 -7.228223e+02 -7.228231e+02
255 2.893778e-06 -7.228222e+02 -7.228239e+02
256 5.895345e-06 -7.228220e+02 -7.228244e+02
257 7.453616e-06 -7.228218e+02 -7.228245e+02
258 6.549166e-06 -7.228216e+02 -7.228242e+02
259 4.421427e-06 -7.228214e+02 -7.228235e+02
260 2.711453e-06 -7.228213e+02 -7.228230e+02
261 2.026085e-06 -7.228212e+02 -7.228226e+02
262 2.273946e-06 -7.228212e+02 -7.228227e+02
263 3.241719e-06 -7.228212e+02 -7.228230e+02
264 4.373432e-06 -7.228212e+02 -7.228233e+02
265 4.663125e-06 -7.228212e+02 -7.228234e+02
266 3.531966e-06 -7.228213e+02 -7.228232e+02
267 1.688789e-06 -7.228214e+02 -7.228227e+02
268 4.279837e-07 -7.228215e+02 -7.228221e+02
269 8.142043e-08 -7.228215e+02 -7.228218e+02
270 2.284783e-07 -7.228216e+02 -7.228220e+02
271 1.498343e-06 -7.228216e+02 -7.228228e+02
272 4.646246e-06 -7.228216e+02 -7.228238e+02
273 7.326706e-06 -7.228216e+02 -7.228243e+02
274 6.005617e-06 -7.228216e+02 -7.228241e+02
275 1.774338e-06 -7.228216e+02 -7.228230e+02
276 1.078140e-07 -7.228217e+02 -7.228213e+02
277 4.051652e-06 -7.228217e+02 -7.228197e+02
278 1.045610e-05 -7.228218e+02 -7.228185e+02
279 1.361507e-05 -7.228218e+02 -7.228181e+02
280 1.119394e-05 -7.228219e+02 -7.228186e+02
281 5.847598e-06 -7.228220e+02 -7.228196e+02
282 1.715140e-06 -7.228220e+02 -7.228207e+02
283 2.544969e-07 -7.228221e+02 -7.228216e+02
284 1.690296e-07 -7.228221e+02 -7.228217e+02
285 1.412740e-06 -7.228221e+02 -7.228209e+02
286 6.783335e-06 -7.228221e+02 -7.228195e+02
287 1.650828e-05 -7.228220e+02 -7.228180e+02
288 2.383355e-05 -7.228220e+02 -7.228171e+02
289 2.188804e-05 -7.228219e+02 -7.228172e+02
290 1.288128e-05 -7.228218e+02 -7.228182e+02
291 4.595758e-06 -7.228218e+02 -7.228196e+02
292 8.664703e-07 -7.228217e+02 -7.228208e+02
293 7.820349e-08 -7.228217e+02 -7.228214e+02
294 3.458405e-08 -7.228217e+02 -7.228215e+02
295 1.643830e-07 -7.228217e+02 -7.228213e+02
296 3.896679e-07 -7.228218e+02 -7.228212e+02
297 3.679714e-07 -7.228219e+02 -7.228213e+02
298 6.890947e-08 -7.228220e+02 -7.228218e+02
299 1.187141e-07 -7.228222e+02 -7.228225e+02
300 1.053543e-06 -7.228222e+02 -7.228233e+02
301 2.386126e-06 -7.228223e+02 -7.228238e+02
302 2.929196e-06 -7.228223e+02 -7.228240e+02
303 2.198158e-06 -7.228223e+02 -7.228238e+02
304 9.552863e-07 -7.228222e+02 -7.228232e+02
305 1.358774e-07 -7.228221e+02 -7.228225e+02
306 7.396964e-08 -7.228220e+02 -7.228217e+02
307 1.030453e-06 -7.228218e+02 -7.228208e+02
308 3.838075e-06 -7.228217e+02 -7.228197e+02
309 9.322929e-06 -7.228215e+02 -7.228185e+02
310 1.655376e-05 -7.228214e+02 -7.228174e+02
311 2.251396e-05 -7.228214e+02 -7.228166e+02
312 2.436561e-05 -7.228214e+02 -7.228164e+02
313 2.166859e-05 -7.228214e+02 -7.228168e+02
314 1.623193e-05 -7.228215e+02 -7.228175e+02
315 1.048637e-05 -7.228217e+02 -7.228184e+02
316 6.086249e-06 -7.228218e+02 -7.228193e+02
317 3.663316e-06 -7.228220e+02 -7.228201e+02
318 2.918174e-06 -7.228221e+02 -7.228204e+02
319 3.543704e-06 -7.228222e+02 -7.228204e+02
320 5.350129e-06 -7.228223e+02 -7.228200e+02
321 7.399833e-06 -7.228223e+02 -7.228196e+02
322 7.844220e-06 -7.228223e+02 -7.228195e+02
323 5.935583e-06 -7.228222e+02 -7.228198e+02
324 3.289410e-06 -7.228221e+02 -7.228203e+02
325 1.786457e-06 -7.228220e+02 -7.228207e+02
326 1.878259e-06 -7.228219e+02 -7.228205e+02
327 4.058615e-06 -7.228217e+02 -7.228197e+02
328 9.148616e-06 -7.228216e+02 -7.228186e+02
329 1.546942e-05 -7.228215e+02 -7.228176e+02
330 1.821203e-05 -7.228215e+02 -7.228172e+02
331 1.426855e-05 -7.228215e+02 -7.228177e+02
332 6.488297e-06 -7.228216e+02 -7.228190e+02
333 8.966613e-07 -7.228216e+02 -7.228207e+02
334 2.973240e-07 -7.228217e+02 -7.228223e+02
335 2.363608e-06 -7.228218e+02 -7.228234e+02
336 3.495325e-06 -7.228219e+02 -7.228238e+02
337 2.761201e-06 -7.228220e+02 -7.228237e+02
338 1.565883e-06 -7.228221e+02 -7.228233e+02
339 1.069203e-06 -7.228221e+02 -7.228232e+02
340 1.553767e-06 -7.228222e+02 -7.228234e+02
341 3.355106e-06 -7.228222e+02 -7.228240e+02
342 6.285026e-06 -7.228222e+02 -7.228247e+02
343 8.708921e-06 -7.228222e+02 -7.228251e+02
344 9.002709e-06 -7.228221e+02 -7.228252e+02
345 7.167695e-06 -7.228222e+02 -7.228248e+02
346 4.517671e-06 -7.228222e+02 -7.228243e+02
347 2.293902e-06 -7.228222e+02 -7.228238e+02
348 1.015997e-06 -7.228223e+02 -7.228233e+02
349 4.992114e-07 -7.228224e+02 -7.228231e+02
350 4.527634e-07 -7.228225e+02 -7.228232e+02
351 7.679630e-07 -7.228226e+02 -7.228235e+02
352 1.323418e-06 -7.228227e+02 -7.228238e+02
353 1.531585e-06 -7.228228e+02 -7.228240e+02
354 8.645047e-07 -7.228228e+02 -7.228237e+02
355 4.333220e-08 -7.228228e+02 -7.228230e+02
356 5.597104e-07 -7.228228e+02 -7.228220e+02
357 2.962155e-06 -7.228227e+02 -7.228210e+02
358 6.795021e-06 -7.228227e+02 -7.228201e+02
359 1.177072e-05 -7.228226e+02 -7.228192e+02
360 1.793666e-05 -7.228226e+02 -7.228183e+02
361 2.464048e-05 -7.228225e+02 -7.228175e+02
362 2.984539e-05 -7.228225e+02 -7.228170e+02
363 3.092957e-05 -7.228225e+02 -7.228170e+02
364 2.682163e-05 -7.228226e+02 -7.228174e+02
365 1.931763e-05 -7.228227e+02 -7.228183e+02
366 1.187734e-05 -7.228228e+02 -7.228194e+02
367 7.068679e-06 -7.228229e+02 -7.228203e+02
368 5.415145e-06 -7.228231e+02 -7.228208e+02
369 6.721521e-06 -7.228232e+02 -7.228206e+02
370 1.118603e-05 -7.228233e+02 -7.228200e+02
371 1.790530e-05 -7.228234e+02 -7.228192e+02
372 2.263316e-05 -7.228234e+02 -7.228187e+02
373 2.088441e-05 -7.228234e+02 -7.228188e+02
374 1.323144e-05 -7.228233e+02 -7.228197e+02
375 5.343300e-06 -7.228232e+02 -7.228209e+02
376 1.329023e-06 -7.228231e+02 -7.228219e+02
377 3.983064e-07 -7.228229e+02 -7.228223e+02
378 7.841396e-07 -7.228228e+02 -7.228219e+02
379 2.932708e-06 -7.228226e+02 -7.228209e+02
380 7.181890e-06 -7.228225e+02 -7.228198e+02
381 1.101619e-05 -7.228224e+02 -7.228191e+02
382 1.084369e-05 -7.228224e+02 -7.228191e+02
383 6.185777e-06 -7.228224e+02 -7.228199e+02
384 1.059908e-06 -7.228224e+02 -7.228214e+02
385 5.664908e-07 -7.228224e+02 -7.228232e+02
386 5.876025e-06 -7.228224e+02 -7.228248e+02
387 1.273315e-05 -7.228224e+02 -7.228260e+02
388 1.561756e-05 -7.228224e+02 -7.228264e+02
389 1.332872e-05 -7.228224e+02 -7.228260e+02
390 9.375350e-06 -7.228223e+02 -7.228254e+02
391 7.302955e-06 -7.228222e+02 -7.228249e+02
392 8.493268e-06 -7.228221e+02 -7.228251e+02
393 1.342425e-05 -7.228220e+02 -7.228257e+02
394 2.117064e-05 -7.228219e+02 -7.228265e+02
395 2.819586e-05 -7.228218e+02 -7.228271e+02
396 3.072215e-05 -7.228217e+02 -7.228273e+02
397 2.819729e-05 -7.228217e+02 -7.228270e+02
398 2.321821e-05 -7.228217e+02 -7.228265e+02
399 1.872514e-05 -7.228217e+02 -7.228260e+02
400 1.609066e-05 -7.228217e+02 -7.228257e+02
401 1.523688e-05 -7.228218e+02 -7.228257e+02
402 1.523662e-05 -7.228219e+02 -7.228258e+02
403 1.474684e-05 -7.228220e+02 -7.228258e+02
404 1.263282e-05 -7.228220e+02 -7.228256e+02
405 8.915581e-06 -7.228221e+02 -7.228250e+02
406 5.022917e-06 -7.228221e+02 -7.228243e+02
407 2.430388e-06 -7.228221e+02 -7.228236e+02
408 1.384807e-06 -7.228221e+02 -7.228232e+02
409 1.308576e-06 -7.228220e+02 -7.228232e+02
410 1.622942e-06 -7.228220e+02 -7.228232e+02
411 1.685400e-06 -7.228219e+02 -7.228232e+02
412 1.214918e-06 -7.228219e+02 -7.228230e+02
413 6.399518e-07 -7.228219e+02 -7.228227e+02
414 3.881941e-07 -7.228219e+02 -7.228226e+02
415 5.292536e-07 -7.228220e+02 -7.228227e+02
416 1.232430e-06 -7.228221e+02 -7.228232e+02
417 2.663265e-06 -7.228223e+02 -7.228239e+02
418 4.443861e-06 -7.228224e+02 -7.228245e+02
419 5.653482e-06 -7.228226e+02 -7.228249e+02
420 5.414769e-06 -7.228227e+02 -7.228250e+02
421 3.603602e-06 -7.228228e+02 -7.228247e+02
422 1.263160e-06 -7.228229e+02 -7.228240e+02
423 2.936299e-08 -7.228229e+02 -7.228230e+02
424 4.236225e-07 -7.228228e+02 -7.228222e+02
425 1.009291e-06 -7.228227e+02 -7.228217e+02
426 5.492035e-07 -7.228226e+02 -7.228218e+02
427 2.723590e-09 -7.228224e+02 -7.228223e+02
428 3.588075e-07 -7.228222e+02 -7.228228e+02
429 5.772342e-07 -7.228220e+02 -7.228228e+02
430 6.329618e-08 -7.228218e+02 -7.228221e+02
431 5.343197e-07 -7.228217e+02 -7.228210e+02
432 2.970557e-06 -7.228217e+02 -7.228199e+02
433 4.921242e-06 -7.228217e+02 -7.228194e+02
434 3.707522e-06 -7.228217e+02 -7.228198e+02
435 8.411357e-07 -7.228219e+02 -7.228209e+02
436 1.553335e-07 -7.228220e+02 -7.228224e+02
437 2.076396e-06 -7.228222e+02 -7.228236e+02
438 3.003385e-06 -7.228224e+02 -7.228241e+02
439 1.098394e-06 -7.228225e+02 -7.228236e+02
440 2.300002e-07 -7.228226e+02 -7.228221e+02
441 5.707645e-06 -7.228227e+02 -7.228203e+02
442 1.648639e-05 -7.228227e+02 -7.228186e+02
443 2.493936e-05 -7.228227e+02 -7.228177e+02
444 2.555999e-05 -7.228226e+02 -7.228175e+02
445 2.027612e-05 -7.228224e+02 -7.228179e+02
446 1.413578e-05 -7.228222e+02 -7.228185e+02
447 1.013611e-05 -7.228220e+02 -7.228189e+02
448 8.579723e-06 -7.228219e+02 -7.228189e+02
449 8.831290e-06 -7.228217e+02 -7.228188e+02
450 1.021308e-05 -7.228216e+02 -7.228184e+02
451 1.205678e-05 -7.228216e+02 -7.228181e+02
452 1.333089e-05 -7.228216e+02 -7.228180e+02
453 1.283585e-05 -7.228217e+02 -7.228181e+02
454 1.001493e-05 -7.228218e+02 -7.228187e+02
455 5.877223e-06 -7.228220e+02 -7.228196e+02
456 2.415378e-06 -7.228222e+02 -7.228206e+02
457 6.571906e-07 -7.228223e+02 -7.228215e+02
458 1.174093e-07 -7.228224e+02 -7.228221e+02
459 5.768150e-09 -7.228225e+02 -7.228225e+02
460 3.840861e-08 -7.228226e+02 -7.228228e+02
461 3.525533e-07 -7.228226e+02 -7.228232e+02
462 1.042162e-06 -7.228226e+02 -7.228237e+02
463 1.586509e-06 -7.228226e+02 -7.228239e+02
464 1.395528e-06 -7.228225e+02 -7.228237e+02
465 7.758280e-07 -7.228225e+02 -7.228233e+02
466 3.915260e-07 -7.228224e+02 -7.228230e+02
467 4.933192e-07 -7.228223e+02 -7.228230e+02
468 1.558131e-06 -7.228223e+02 -7.228236e+02
469 4.686004e-06 -7.228223e+02 -7.228245e+02
470 9.865086e-06 -7.228223e+02 -7.228255e+02
471 1.430400e-05 -7.228223e+02 -7.228261e+02
472 1.425588e-05 -7.228224e+02 -7.228261e+02
473 9.182011e-06 -7.228224e+02 -7.228254e+02
474 3.011620e-06 -7.228224e+02 -7.228241e+02
475 9.957444e-08 -7.228224e+02 -7.228227e+02
476 5.381451e-07 -7.228223e+02 -7.228216e+02
477 1.128014e-06 -7.228222e+02 -7.228212e+02
478 4.471509e-07 -7.228222e+02 -7.228215e+02
479 5.886125e-09 -7.228220e+02 -7.228221e+02
480 3.869864e-07 -7.228219e+02 -7.228226e+02
481 2.853895e-07 -7.228218e+02 -7.228224e+02
482 9.179120e-08 -7.228217e+02 -7.228214e+02
483 2.811978e-06 -7.228217e+02 -7.228200e+02
484 1.019225e-05 -7.228217e+02 -7.228185e+02
485 1.987987e-05 -7.228217e+02 -7.228172e+02
486 2.734463e-05 -7.228217e+02 -7.228165e+02
487 2.995991e-05 -7.228218e+02 -7.228163e+02
488 2.865222e-05 -7.228219e+02 -7.228165e+02
489 2.658502e-05 -7.228219e+02 -7.228168e+02
490 2.703198e-05 -7.228220e+02 -7.228168e+02
491 3.251609e-05 -7.228220e+02 -7.228163e+02
492 4.441099e-05 -7.228219e+02 -7.228153e+02
493 6.058779e-05 -7.228219e+02 -7.228141e+02
494 7.291683e-05 -7.228218e+02 -7.228132e+02
495 7.155220e-05 -7.228216e+02 -7.228132e+02
496 5.499318e-05 -7.228215e+02 -7.228140e+02
497 3.273571e-05 -7.228213e+02 -7.228156e+02
498 1.546113e-05 -7.228211e+02 -7.228172e+02
499 6.339504e-06 -7.228210e+02 -7.228185e+02
500 2.776512e-06 -7.228209e+02 -7.228192e+02
501 1.570005e-06 -7.228209e+02 -7.228196e+02
502 9.763847e-07 -7.228209e+02 -7.228199e+02
503 3.681038e-07 -7.228210e+02 -7.228204e+02
504 3.943070e-11 -7.228211e+02 -7.228211e+02
505 6.235443e-07 -7.228213e+02 -7.228221e+02
506 2.419119e-06 -7.228215e+02 -7.228231e+02
507 4.291588e-06 -7.228217e+02 -7.228238e+02
508 4.644823e-06 -7.228219e+02 -7.228240e+02
509 3.073636e-06 -7.228220e+02 -7.228238e+02
510 9.853359e-07 -7.228221e+02 -7.228231e+02
511 2.036342e-08 -7.228221e+02 -7.228223e+02
512 2.910415e-07 -7.228221e+02 -7.228216e+02
513 9.300594e-07 -7.228220e+02 -7.228211e+02
514 1.516132e-06 -7.228219e+02 -7.228207e+02
515 2.170517e-06 -7.228218e+02 -7.228203e+02
516 2.899733e-06 -7.228217e+02 -7.228200e+02
517 3.234744e-06 -7.228216e+02 -7.228198e+02
518 2.658244e-06 -7.228215e+02 -7.228199e+02
519 1.386124e-06 -7.228215e+02 -7.228203e+02
520 3.105169e-07 -7.228215e+02 -7.228209e+02
521 1.171503e-09 -7.228215e+02 -7.228216e+02
522 1.568851e-07 -7.228216e+02 -7.228220e+02
523 1.525248e-07 -7.228218e+02 -7.228222e+02
524 1.536367e-09 -7.228219e+02 -7.228219e+02
525 7.189927e-07 -7.228220e+02 -7.228212e+02
526 3.494796e-06 -7.228221e+02 -7.228203e+02
527 7.888357e-06 -7.228222e+02 -7.228194e+02
528 1.084298e-05 -7.228222e+02 -7.228189e+02
529 9.216659e-06 -7.228222e+02 -7.228192e+02
530 4.187534e-06 -7.228222e+02 -7.228201e+02
531 4.932690e-07 -7.228221e+02 -7.228214e+02
532 1.665938e-07 -7.228220e+02 -7.228224e+02
533 6.479311e-07 -7.228219e+02 -7.228227e+02
534 1.272765e-07 -7.228219e+02 -7.228222e+02
535 4.396465e-07 -7.228218e+02 -7.228211e+02
536 2.936525e-06 -7.228218e+02 -7.228201e+02
537 5.028801e-06 -7.228218e+02 -7.228195e+02
538 3.820105e-06 -7.228218e+02 -7.228199e+02
539 8.662549e-07 -7.228219e+02 -7.228210e+02
540 1.453259e-07 -7.228220e+02 -7.228224e+02
541 2.082991e-06 -7.228221e+02 -7.228236e+02
542 3.253416e-06 -7.228222e+02 -7.228240e+02
543 1.642160e-06 -7.228223e+02 -7.228236e+02
544 8.792509e-10 -7.228224e+02 -7.228224e+02
545 2.238302e-06 -7.228224e+02 -7.228209e+02
546 7.349715e-06 -7.228224e+02 -7.228197e+02
547 1.008419e-05 -7.228224e+02 -7.228192e+02
548 7.817107e-06 -7.228223e+02 -7.228195e+02
549 3.341427e-06 -7.228222e+02 -7.228204e+02
550 4.558497e-07 -7.228221e+02 -7.228215e+02
551 1.081475e-07 -7.228221e+02 -7.228224e+02
552 1.006473e-06 -7.228220e+02 -7.228230e+02
553 1.718408e-06 -7.228220e+02 -7.228233e+02
554 1.688575e-06 -7.228220e+02 -7.228233e+02
555 1.149979e-06 -7.228221e+02 -7.228232e+02
556 6.115008e-07 -7.228222e+02 -7.228230e+02
557 3.438646e-07 -7.228223e+02 -7.228229e+02
558 3.187900e-07 -7.228224e+02 -7.228230e+02
559 4.333103e-07 -7.228226e+02 -7.228232e+02
560 4.378780e-07 -7.228227e+02 -7.228233e+02
561 1.426724e-07 -7.228227e+02 -7.228231e+02
562 4.643890e-08 -7.228228e+02 -7.228225e+02
563 8.457847e-07 -7.228227e+02 -7.228218e+02
564 2.136427e-06 -7.228227e+02 -7.228212e+02
565 2.967149e-06 -7.228226e+02 -7.228209e+02
566 3.320476e-06 -7.228225e+02 -7.228207e+02
567 3.978141e-06 -7.228223e+02 -7.228203e+02
568 5.702593e-06 -7.228222e+02 -7.228198e+02
569 8.768692e-06 -7.228221e+02 -7.228191e+02
570 1.245944e-05 -7.228220e+02 -7.228184e+02
571 1.517898e-05 -7.228219e+02 -7.228180e+02
572 1.572549e-05 -7.228219e+02 -7.228179e+02
573 1.442809e-05 -7.228219e+02 -7.228181e+02
574 1.280763e-05 -7.228219e+02 -7.228183e+02
575 1.244570e-05 -7.228220e+02 -7.228184e+02
576 1.438985e-05 -7.228220e+02 -7.228182e+02
577 1.905139e-05 -7.228221e+02 -7.228177e+02
578 2.551320e-05 -7.228221e+02 -7.228171e+02
579 3.066620e-05 -7.228222e+02 -7.228167e+02
580 3.042962e-05 -7.228222e+02 -7.228167e+02
581 2.346311e-05 -7.228222e+02 -7.228174e+02
582 1.338226e-05 -7.228222e+02 -7.228185e+02
583 5.456427e-06 -7.228222e+02 -7.228198e+02
584 1.673513e-06 -7.228221e+02 -7.228208e+02
585 5.658898e-07 -7.228221e+02 -7.228213e+02
586 4.027068e-07 -7.228220e+02 -7.228214e+02
587 4.207937e-07 -7.228220e+02 -7.228213e+02
588 2.079256e-07 -7.228219e+02 -7.228215e+02
589 2.877603e-08 -7.228219e+02 -7.228221e+02
590 1.620256e-06 -7.228219e+02 -7.228232e+02
591 7.393315e-06 -7.228220e+02 -7.228247e+02
592 1.810270e-05 -7.228220e+02 -7.228262e+02
593 3.104130e-05 -7.228220e+02 -7.228276e+02
594 4.071869e-05 -7.228220e+02 -7.228284e+02
595 4.235728e-05 -7.228221e+02 -7.228286e+02
596 3.598678e-05 -7.228221e+02 -7.228281e+02
597 2.676309e-05 -7.228221e+02 -7.228272e+02
598 2.057123e-05 -7.228220e+02 -7.228266e+02
599 2.028892e-05 -7.228220e+02 -7.228265e+02
600 2.645821e-05 -7.228220e+02 -7.228272e+02
601 3.706405e-05 -7.228220e+02 -7.228281e+02
602 4.593476e-05 -7.228220e+02 -7.228288e+02
603 4.584102e-05 -7.228221e+02 -7.228289e+02
604 3.531659e-05 -7.228222e+02 -7.228281e+02
605 2.002177e-05 -7.228223e+02 -7.228268e+02
606 7.271249e-06 -7.228225e+02 -7.228252e+02
607 8.890044e-07 -7.228226e+02 -7.228236e+02
608 3.003586e-07 -7.228228e+02 -7.228223e+02
609 2.732617e-06 -7.228230e+02 -7.228213e+02
610 5.562170e-06 -7.228231e+02 -7.228208e+02
611 7.517692e-06 -7.228232e+02 -7.228205e+02
612 8.637251e-06 -7.228233e+02 -7.228203e+02
613 9.463650e-06 -7.228232e+02 -7.228202e+02
614 1.028657e-05 -7.228232e+02 -7.228199e+02
615 1.085574e-05 -7.228230e+02 -7.228197e+02
616 1.077296e-05 -7.228228e+02 -7.228196e+02
617 1.004380e-05 -7.228226e+02 -7.228195e+02
618 9.099200e-06 -7.228224e+02 -7.228194e+02
619 8.112137e-06 -7.228222e+02 -7.228194e+02
620 6.658651e-06 -7.228221e+02 -7.228195e+02
621 4.342675e-06 -7.228220e+02 -7.228199e+02
622 1.721827e-06 -7.228219e+02 -7.228206e+02
623 1.382197e-07 -7.228219e+02 -7.228215e+02
624 2.633316e-07 -7.228219e+02 -7.228224e+02
625 1.248860e-06 -7.228220e+02 -7.228231e+02
626 1.663002e-06 -7.228221e+02 -7.228234e+02
627 9.896498e-07 -7.228222e+02 -7.228232e+02
628 8.199833e-08 -7.228223e+02 -7.228226e+02
629 5.026949e-07 -7.228224e+02 -7.228217e+02
630 3.210872e-06 -7.228224e+02 -7.228206e+02
631 7.138406e-06 -7.228223e+02 -7.228197e+02
632 9.006588e-06 -7.228223e+02 -7.228193e+02
633 6.295780e-06 -7.228221e+02 -7.228196e+02
634 1.430403e-06 -7.228219e+02 -7.228208e+02
635 3.360902e-07 -7.228218e+02 -7.228223e+02
636 5.055742e-06 -7.228216e+02 -7.228238e+02
637 1.111180e-05 -7.228214e+02 -7.228247e+02
638 1.360780e-05 -7.228212e+02 -7.228249e+02
639 1.254856e-05 -7.228211e+02 -7.228247e+02
640 1.103899e-05 -7.228211e+02 -7.228244e+02
641 1.166241e-05 -7.228211e+02 -7.228245e+02
642 1.573642e-05 -7.228212e+02 -7.228252e+02
643 2.345355e-05 -7.228214e+02 -7.228262e+02
644 3.278428e-05 -7.228215e+02 -7.228273e+02
645 3.927231e-05 -7.228217e+02 -7.228280e+02
646 3.850380e-05 -7.228219e+02 -7.228281e+02
647 2.964292e-05 -7.228221e+02 -7.228276e+02
648 1.671551e-05 -7.228223e+02 -7.228264e+02
649 5.918690e-06 -7.228224e+02 -7.228248e+02
650 7.616272e-07 -7.228225e+02 -7.228234e+02
651 7.816574e-08 -7.228225e+02 -7.228222e+02
652 9.207116e-07 -7.228225e+02 -7.228215e+02
653 1.802989e-06 -7.228225e+02 -7.228211e+02
654 2.833051e-06 -7.228224e+02 -7.228207e+02
655 4.615948e-06 -7.228224e+02 -7.228202e+02
656 7.558732e-06 -7.228223e+02 -7.228196e+02
657 1.155151e-05 -7.228223e+02 -7.228189e+02
658 1.578345e-05 -7.228223e+02 -7.228184e+02
659 1.877197e-05 -7.228223e+02 -7.228180e+02
660 1.879802e-05 -7.228224e+02 -7.228180e+02
661 1.505372e-05 -7.228224e+02 -7.228185e+02
662 8.978197e-06 -7.228224e+02 -7.228194e+02
663 3.644038e-06 -7.228224e+02 -7.228205e+02
664 9.117853e-07 -7.228224e+02 -7.228215e+02
665 1.546738e-07 -7.228224e+02 -7.228220e+02
666 5.439568e-08 -7.228223e+02 -7.228220e+02
667 4.843220e-08 -7.228222e+02 -7.228220e+02
668 3.892665e-10 -7.228221e+02 -7.228220e+02
669 2.684748e-07 -7.228219e+02 -7.228225e+02
670 1.600086e-06 -7.228218e+02 -7.228231e+02
671 3.763484e-06 -7.228217e+02 -7.228237e+02
672 5.394498e-06 -7.228217e+02 -7.228240e+02
673 5.555470e-06 -7.228216e+02 -7.228240e+02
674 4.556900e-06 -7.228217e+02 -7.228238e+02
675 3.096105e-06 -7.228217e+02 -7.228235e+02
676 1.686671e-06 -7.228218e+02 -7.228231e+02
677 5.746106e-07 -7.228218e+02 -7.228226e+02
678 1.742956e-08 -7.228219e+02 -7.228220e+02
679 2.994014e-07 -7.228220e+02 -7.228214e+02
680 1.400902e-06 -7.228220e+02 -7.228208e+02
681 2.665146e-06 -7.228220e+02 -7.228204e+02
682 3.080981e-06 -7.228220e+02 -7.228203e+02
683 2.150366e-06 -7.228220e+02 -7.228205e+02
684 5.834595e-07 -7.228219e+02 -7.228211e+02
685 6.329534e-08 -7.228218e+02 -7.228220e+02
686 1.808510e-06 -7.228216e+02 -7.228230e+02
687 4.720038e-06 -7.228215e+02 -7.228237e+02
688 5.880386e-06 -7.228214e+02 -7.228239e+02
689 3.973612e-06 -7.228214e+02 -7.228234e+02
690 1.081270e-06 -7.228214e+02 -7.228224e+02
691 1.109886e-08 -7.228214e+02 -7.228213e+02
692 1.241956e-06 -7.228215e+02 -7.228204e+02
693 3.209253e-06 -7.228216e+02 -7.228198e+02
694 4.455032e-06 -7.228217e+02 -7.228196e+02
695 4.782291e-06 -7.228219e+02 -7.228197e+02
696 4.959702e-06 -7.228220e+02 -7.228198e+02
697 6.134842e-06 -7.228222e+02 -7.228197e+02
698 9.939874e-06 -7.228223e+02 -7.228191e+02
699 1.880813e-05 -7.228223e+02 -7.228180e+02
700 3.437623e-05 -7.228224e+02 -7.228165e+02
701 5.291899e-05 -7.228223e+02 -7.228151e+02
702 6.350246e-05 -7.228223e+02 -7.228143e+02
703 5.651389e-05 -7.228222e+02 -7.228147e+02
704 3.555672e-05 -7.228221e+02 -7.228161e+02
705 1.460772e-05 -7.228220e+02 -7.228181e+02
706 3.200301e-06 -7.228218e+02 -7.228201e+02
707 1.479055e-07 -7.228218e+02 -7.228214e+02
708 4.503270e-08 -7.228217e+02 -7.228219e+02
709 1.194592e-08 -7.228217e+02 -7.228218e+02
710 1.947893e-07 -7.228217e+02 -7.228213e+02
711 1.347301e-06 -7.228217e+02 -7.228206e+02
712 3.242770e-06 -7.228218e+02 -7.228200e+02
713 4.780300e-06 -7.228219e+02 -7.228197e+02
714 5.059328e-06 -7.228219e+02 -7.228197e+02
715 4.207497e-06 -7.228220e+02 -7.228199e+02
716 3.138803e-06 -7.228220e+02 -7.228202e+02
717 2.644235e-06 -7.228220e+02 -7.228204e+02
718 3.065506e-06 -7.228220e+02 -7.228203e+02
719 4.497643e-06 -7.228220e+02 -7.228199e+02
720 6.692371e-06 -7.228220e+02 -7.228194e+02
721 9.029421e-06 -7.228219e+02 -7.228189e+02
722 1.103669e-05 -7.228219e+02 -7.228186e+02
723 1.242273e-05 -7.228219e+02 -7.228184e+02
724 1.279092e-05 -7.228219e+02 -7.228183e+02
725 1.178299e-05 -7.228219e+02 -7.228185e+02
726 9.619820e-06 -7.228220e+02 -7.228189e+02
727 7.035057e-06 -7.228221e+02 -7.228195e+02
728 4.707656e-06 -7.228223e+02 -7.228201e+02
729 2.873875e-06 -7.228224e+02 -7.228207e+02
730 1.532638e-06 -7.228225e+02 -7.228213e+02
731 6.585017e-07 -7.228226e+02 -7.228218e+02
732 2.209058e-07 -7.228227e+02 -7.228222e+02
733 9.144823e-08 -7.228227e+02 -7.228224e+02
734 1.385635e-07 -7.228227e+02 -7.228224e+02
735 4.003668e-07 -7.228227e+02 -7.228221e+02
736 7.964573e-07 -7.228226e+02 -7.228217e+02
737 8.280930e-07 -7.228225e+02 -7.228216e+02
738 3.397898e-07 -7.228224e+02 -7.228218e+02
739 5.801364e-09 -7.228223e+02 -7.228222e+02
740 4.828850e-08 -7.228222e+02 -7.228224e+02
741 5.789454e-11 -7.228221e+02 -7.228221e+02
742 5.580410e-07 -7.228221e+02 -7.228214e+02
743 3.183832e-06 -7.228221e+02 -7.228203e+02
744 7.496308e-06 -7.228222e+02 -7.228194e+02
745 1.110216e-05 -7.228223e+02 -7.228189e+02
746 1.223251e-05 -7.228224e+02 -7.228189e+02
747 1.124483e-05 -7.228225e+02 -7.228192e+02
748 9.572366e-06 -7.228226e+02 -7.228196e+02
749 8.323358e-06 -7.228227e+02 -7.228199e+02
750 7.868366e-06 -7.228228e+02 -7.228200e+02
751 7.978371e-06 -7.228228e+02 -7.228200e+02
752 7.837668e-06 -7.228228e+02 -7.228200e+02
753 6.146924e-06 -7.228227e+02 -7.228202e+02
754 2.563236e-06 -7.228225e+02 -7.228209e+02
755 4.635921e-09 -7.228223e+02 -7.228223e+02
756 3.673025e-06 -7.228221e+02 -7.228240e+02
757 1.523022e-05 -7.228219e+02 -7.228258e+02
758 2.919274e-05 -7.228217e+02 -7.228271e+02
759 3.736656e-05 -7.228215e+02 -7.228276e+02
760 3.576371e-05 -7.228214e+02 -7.228274e+02
761 2.666180e-05 -7.228213e+02 -7.228265e+02
762 1.568553e-05 -7.228213e+02 -7.228253e+02
763 7.511797e-06 -7.228214e+02 -7.228242e+02
764 3.421318e-06 -7.228215e+02 -7.228234e+02
765 2.208984e-06 -7.228217e+02 -7.228232e+02
766 2.533870e-06 -7.228218e+02 -7.228234e+02
767 3.437430e-06 -7.228220e+02 -7.228239e+02
768 3.446904e-06 -7.228222e+02 -7.228240e+02
769 1.737784e-06 -7.228223e+02 -7.228236e+02
770 7.103528e-08 -7.228224e+02 -7.228227e+02
771 9.056593e-07 -7.228225e+02 -7.228215e+02
772 3.576703e-06 -7.228225e+02 -7.228206e+02
773 5.175725e-06 -7.228225e+02 -7.228202e+02
774 4.493823e-06 -7.228225e+02 -7.228204e+02
775 2.681904e-06 -7.228225e+02 -7.228208e+02
776 1.089281e-06 -7.228224e+02 -7.228214e+02
777 2.184404e-07 -7.228224e+02 -7.228219e+02
778 6.754660e-10 -7.228224e+02 -7.228224e+02
779 1.270937e-07 -7.228224e+02 -7.228228e+02
780 1.862777e-07 -7.228225e+02 -7.228229e+02
781 2.228252e-08 -7.228225e+02 -7.228227e+02
782 2.708266e-07 -7.228226e+02 -7.228221e+02
783 2.216037e-06 -7.228227e+02 -7.228212e+02
784 6.517281e-06 -7.228228e+02 -7.228202e+02
785 1.196167e-05 -7.228229e+02 -7.228194e+02
786 1.597805e-05 -7.228229e+02 -7.228189e+02
787 1.656337e-05 -7.228230e+02 -7.228189e+02
788 1.358930e-05 -7.228230e+02 -7.228193e+02
789 8.670085e-06 -7.228231e+02 -7.228201e+02
790 4.217216e-06 -7.228231e+02 -7.228210e+02
791 1.742280e-06 -7.228231e+02 -7.228217e+02
792 1.093317e-06 -7.228231e+02 -7.228220e+02
793 1.814916e-06 -7.228231e+02 -7.228217e+02
794 4.418975e-06 -7.228231e+02 -7.228210e+02
795 8.822510e-06 -7.228231e+02 -7.228201e+02
796 1.276239e-05 -7.228231e+02 -7.228195e+02
797 1.311664e-05 -7.228231e+02 -7.228195e+02
798 8.953724e-06 -7.228231e+02 -7.228201e+02
799 3.050936e-06 -7.228231e+02 -7.228213e+02
800 1.431084e-08 -7.228230e+02 -7.228229e+02
801 2.329865e-06 -7.228229e+02 -7.228244e+02
802 7.851363e-06 -7.228228e+02 -7.228256e+02
803 1.180505e-05 -7.228226e+02 -7.228261e+02
804 1.187201e-05 -7.228225e+02 -7.228259e+02
805 1.005403e-05 -7.228223e+02 -7.228254e+02
806 9.840161e-06 -7.228221e+02 -7.228252e+02
807 1.386052e-05 -7.228219e+02 -7.228256e+02
808 2.383237e-05 -7.228217e+02 -7.228266e+02
809 3.785123e-05 -7.228215e+02 -7.228277e+02
810 4.836733e-05 -7.228214e+02 -7.228284e+02
811 4.774630e-05 -7.228214e+02 -7.228283e+02
812 3.570033e-05 -7.228214e+02 -7.228274e+02
813 1.923057e-05 -7.228214e+02 -7.228258e+02
814 6.314026e-06 -7.228215e+02 -7.228240e+02
815 5.429960e-07 -7.228216e+02 -7.228223e+02
816 4.154356e-07 -7.228217e+02 -7.228211e+02
817 2.143719e-06 -7.228218e+02 -7.228203e+02
818 2.954052e-06 -7.228219e+02 -7.228202e+02
819 2.422822e-06 -7.228220e+02 -7.228204e+02
820 1.478098e-06 -7.228220e+02 -7.228208e+02
821 8.365332e-07 -7.228220e+02 -7.228211e+02
822 5.384519e-07 -7.228220e+02 -7.228213e+02
823 3.167890e-07 -7.228220e+02 -7.228214e+02
824 3.699064e-08 -7.228220e+02 -7.228218e+02
825 2.580407e-07 -7.228219e+02 -7.228224e+02
826 2.193900e-06 -7.228219e+02 -7.228234e+02
827 6.272496e-06 -7.228219e+02 -7.228244e+02
828 1.092617e-05 -7.228219e+02 -7.228252e+02
829 1.339657e-05 -7.228220e+02 -7.228257e+02
830 1.200314e-05 -7.228221e+02 -7.228256e+02
831 7.660488e-06 -7.228222e+02 -7.228250e+02
832 3.101120e-06 -7.228223e+02 -7.228241e+02
833 5.004692e-07 -7.228225e+02 -7.228232e+02
834 2.699992e-08 -7.228226e+02 -7.228224e+02
835 5.574727e-07 -7.228227e+02 -7.228220e+02
836 1.175073e-06 -7.228228e+02 -7.228217e+02
837 1.752164e-06 -7.228229e+02 -7.228216e+02
838 2.566620e-06 -7.228229e+02 -7.228213e+02
839 3.707913e-06 -7.228229e+02 -7.228210e+02
840 4.556391e-06 -7.228229e+02 -7.228208e+02
841 4.070264e-06 -7.228229e+02 -7.228209e+02
842 2.357181e-06 -7.228229e+02 -7.228213e+02
843 8.173458e-07 -7.228228e+02 -7.228219e+02
844 2.356729e-07 -7.228228e+02 -7.228223e+02
845 2.678183e-07 -7.228228e+02 -7.228223e+02
846 8.984233e-07 -7.228228e+02 -7.228218e+02
847 2.181117e-06 -7.228228e+02 -7.228213e+02
848 3.092033e-06 -7.228228e+02 -7.228210e+02
849 2.559880e-06 -7.228228e+02 -7.228212e+02
850 1.108051e-06 -7.228228e+02 -7.228217e+02
851 1.199764e-07 -7.228228e+02 -7.228224e+02
852 4.545476e-08 -7.228227e+02 -7.228229e+02
853 1.354979e-07 -7.228226e+02 -7.228230e+02
854 1.110305e-09 -7.228226e+02 -7.228225e+02
855 9.805714e-07 -7.228225e+02 -7.228215e+02
856 5.331162e-06 -7.228223e+02 -7.228200e+02
857 1.300523e-05 -7.228222e+02 -7.228186e+02
858 1.966197e-05 -7.228221e+02 -7.228177e+02
859 2.034976e-05 -7.228220e+02 -7.228175e+02
860 1.517181e-05 -7.228219e+02 -7.228180e+02
861 8.808626e-06 -7.228218e+02 -7.228188e+02
862 4.907730e-06 -7.228218e+02 -7.228196e+02
863 4.029157e-06 -7.228218e+02 -7.228198e+02
864 6.099585e-06 -7.228218e+02 -7.228193e+02
865 1.195447e-05 -7.228218e+02 -7.228183e+02
866 2.114686e-05 -7.228218e+02 -7.228172e+02
867 2.910972e-05 -7.228219e+02 -7.228165e+02
868 2.915133e-05 -7.228219e+02 -7.228165e+02
869 1.942645e-05 -7.228219e+02 -7.228175e+02
870 6.726155e-06 -7.228219e+02 -7.228193e+02
871 1.973809e-07 -7.228219e+02 -7.228214e+02
872 2.068032e-06 -7.228218e+02 -7.228233e+02
873 6.824572e-06 -7.228217e+02 -7.228244e+02
874 8.928280e-06 -7.228217e+02 -7.228247e+02
875 8.015902e-06 -7.228216e+02 -7.228244e+02
876 6.469448e-06 -7.228215e+02 -7.228241e+02
877 5.707124e-06 -7.228215e+02 -7.228238e+02
878 5.636364e-06 -7.228214e+02 -7.228238e+02
879 5.457648e-06 -7.228214e+02 -7.228237e+02
880 4.521376e-06 -7.228214e+02 -7.228235e+02
881 2.905727e-06 -7.228215e+02 -7.228232e+02
882 1.275464e-06 -7.228215e+02 -7.228227e+02
883 2.483971e-07 -7.228216e+02 -7.228221e+02
884 8.330062e-09 -7.228217e+02 -7.228216e+02
885 3.153823e-07 -7.228218e+02 -7.228212e+02
886 7.124973e-07 -7.228219e+02 -7.228210e+02
887 8.179033e-07 -7.228220e+02 -7.228210e+02
888 4.835327e-07 -7.228220e+02 -7.228213e+02
889 4.737878e-08 -7.228220e+02 -7.228218e+02
890 2.332228e-07 -7.228220e+02 -7.228225e+02
891 1.839122e-06 -7.228220e+02 -7.228234e+02
892 5.736766e-06 -7.228220e+02 -7.228244e+02
893 1.293759e-05 -7.228220e+02 -7.228256e+02
894 2.346227e-05 -7.228219e+02 -7.228268e+02
895 3.418822e-05 -7.228219e+02 -7.228277e+02
896 3.922832e-05 -7.228218e+02 -7.228281e+02
897 3.452168e-05 -7.228218e+02 -7.228277e+02
898 2.213082e-05 -7.228218e+02 -7.228265e+02
899 8.887896e-06 -7.228218e+02 -7.228248e+02
900 1.110571e-06 -7.228218e+02 -7.228229e+02
901 5.278786e-07 -7.228219e+02 -7.228211e+02
902 4.480794e-06 -7.228219e+02 -7.228198e+02
903 9.228574e-06 -7.228219e+02 -7.228188e+02
904 1.308471e-05 -7.228219e+02 -7.228183e+02
905 1.719221e-05 -7.228219e+02 -7.228177e+02
906 2.457184e-05 -7.228218e+02 -7.228169e+02
907 3.880860e-05 -7.228218e+02 -7.228156e+02
908 6.101034e-05 -7.228218e+02 -7.228140e+02
909 8.462825e-05 -7.228218e+02 -7.228126e+02
910 9.573764e-05 -7.228217e+02 -7.228119e+02
911 8.546397e-05 -7.228217e+02 -7.228125e+02
912 6.053882e-05 -7.228217e+02 -7.228139e+02
913 3.593841e-05 -7.228218e+02 -7.228158e+02
914 2.037864e-05 -7.228218e+02 -7.228173e+02
915 1.362918e-05 -7.228219e+02 -7.228182e+02
916 1.241997e-05 -7.228220e+02 -7.228184e+02
917 1.409016e-05 -7.228221e+02 -7.228183e+02
918 1.622676e-05 -7.228222e+02 -7.228181e+02
919 1.631748e-05 -7.228222e+02 -7.228182e+02
920 1.303119e-05 -7.228223e+02 -7.228187e+02
921 7.566394e-06 -7.228223e+02 -7.228195e+02
922 2.764746e-06 -7.228223e+02 -7.228206e+02
923 4.414307e-07 -7.228222e+02 -7.228215e+02
924 8.377806e-09 -7.228221e+02 -7.228220e+02
925 1.612624e-08 -7.228220e+02 -7.228219e+02
926 4.678648e-07 -7.228219e+02 -7.228212e+02
927 2.066402e-06 -7.228218e+02 -7.228204e+02
928 4.053514e-06 -7.228217e+02 -7.228197e+02
929 4.898178e-06 -7.228216e+02 -7.228194e+02
930 4.305488e-06 -7.228216e+02 -7.228195e+02
931 3.132796e-06 -7.228216e+02 -7.228199e+02
932 2.220761e-06 -7.228217e+02 -7.228202e+02
933 1.917259e-06 -7.228218e+02 -7.228204e+02
934 2.299625e-06 -7.228220e+02 -7.228204e+02
935 3.397572e-06 -7.228221e+02 -7.228203e+02
936 4.906827e-06 -7.228223e+02 -7.228201e+02
937 5.981672e-06 -7.228225e+02 -7.228200e+02
938 5.738041e-06 -7.228226e+02 -7.228202e+02
939 4.210326e-06 -7.228227e+02 -7.228206e+02
940 2.370359e-06 -7.228227e+02 -7.228212e+02
941 1.092399e-06 -7.228227e+02 -7.228216e+02
942 4.798190e-07 -7.228226e+02 -7.228219e+02
943 1.858555e-07 -7.228225e+02 -7.228221e+02
944 3.413960e-09 -7.228224e+02 -7.228223e+02
945 3.358561e-07 -7.228222e+02 -7.228228e+02
946 1.837855e-06 -7.228221e+02 -7.228234e+02
947 3.453858e-06 -7.228219e+02 -7.228238e+02
948 2.765070e-06 -7.228218e+02 -7.228235e+02
949 4.225793e-07 -7.228218e+02 -7.228224e+02
950 8.327850e-07 -7.228217e+02 -7.228208e+02
951 6.183417e-06 -7.228218e+02 -7.228193e+02
952 1.264950e-05 -7.228218e+02 -7.228183e+02
953 1.480779e-05 -7.228219e+02 -7.228181e+02
954 1.149292e-05 -7.228220e+02 -7.228186e+02
955 5.975151e-06 -7.228221e+02 -7.228197e+02
956 1.877720e-06 -7.228222e+02 -7.228209e+02
957 2.597759e-07 -7.228223e+02 -7.228218e+02
958 9.933317e-09 -7.228224e+02 -7.228223e+02
959 3.918067e-08 -7.228225e+02 -7.228223e+02
960 3.816407e-07 -7.228225e+02 -7.228219e+02
961 8.887871e-07 -7.228225e+02 -7.228216e+02
962 5.145314e-07 -7.228225e+02 -7.228218e+02
963 6.504196e-08 -7.228225e+02 -7.228228e+02
964 3.050704e-06 -7.228225e+02 -7.228243e+02
965 1.030200e-05 -7.228225e+02 -7.228257e+02
966 1.665436e-05 -7.228225e+02 -7.228266e+02
967 1.631458e-05 -7.228225e+02 -7.228265e+02
968 9.525477e-06 -7.228225e+02 -7.228255e+02
969 2.318620e-06 -7.228224e+02 -7.228240e+02
970 2.832236e-08 -7.228224e+02 -7.228222e+02
971 2.168232e-06 -7.228224e+02 -7.228209e+02
972 4.135606e-06 -7.228223e+02 -7.228203e+02
973 3.253758e-06 -7.228223e+02 -7.228205e+02
974 1.177112e-06 -7.228222e+02 -7.228211e+02
975 1.394965e-07 -7.228222e+02 -7.228218e+02
976 1.741862e-08 -7.228221e+02 -7.228220e+02
977 2.799958e-07 -7.228221e+02 -7.228215e+02
978 1.803513e-06 -7.228220e+02 -7.228207e+02
979 4.371651e-06 -7.228220e+02 -7.228199e+02
980 5.571878e-06 -7.228220e+02 -7.228196e+02
981 4.324739e-06 -7.228220e+02 -7.228199e+02
982 2.313997e-06 -7.228220e+02 -7.228204e+02
983 1.122963e-06 -7.228220e+02 -7.228209e+02
984 8.624174e-07 -7.228220e+02 -7.228210e+02
985 1.295596e-06 -7.228220e+02 -7.228208e+02
986 2.406048e-06 -7.228219e+02 -7.228204e+02
987 3.993323e-06 -7.228219e+02 -7.228199e+02
988 5.563309e-06 -7.228219e+02 -7.228195e+02
989 6.673127e-06 -7.228218e+02 -7.228192e+02
990 7.130668e-06 -7.228217e+02 -7.228190e+02
991 6.970817e-06 -7.228216e+02 -7.228190e+02
992 6.399965e-06 -7.228215e+02 -7.228190e+02
993 5.813547e-06 -7.228214e+02 -7.228190e+02
994 5.550830e-06 -7.228213e+02 -7.228189e+02
995 5.572199e-06 -7.228212e+02 -7.228188e+02
996 5.227845e-06 -7.228211e+02 -7.228189e+02
997 3.858661e-06 -7.228211e+02 -7.228192e+02
998 1.890139e-06 -7.228211e+02 -7.228198e+02
999 5.246998e-07 -7.228212e+02 -7.228205e+02
1000 8.510518e-08 -7.228213e+02 -7.228210e+02
1001 4.839315e-08 -7.228214e+02 -7.228212e+02
1002 1.667694e-07 -7.228215e+02 -7.228211e+02
1003 3.267769e-07 -7.228216e+02 -7.228211e+02
1004 1.372910e-07 -7.228218e+02 -7.228214e+02
1005 1.982245e-07 -7.228219e+02 -7.228224e+02
1006 3.774682e-06 -7.228220e+02 -7.228240e+02
1007 1.572215e-05 -7.228221e+02 -7.228261e+02
1008 3.778408e-05 -7.228222e+02 -7.228283e+02
1009 6.423942e-05 -7.228222e+02 -7.228303e+02
1010 8.358029e-05 -7.228223e+02 -7.228314e+02
1011 8.760990e-05 -7.228223e+02 -7.228316e+02
1012 7.901103e-05 -7.228223e+02 -7.228312e+02
1013 6.846619e-05 -7.228223e+02 -7.228306e+02
1014 6.532322e-05 -7.228224e+02 -7.228304e+02
1015 7.216533e-05 -7.228224e+02 -7.228309e+02
1016 8.317111e-05 -7.228225e+02 -7.228316e+02
1017 8.619631e-05 -7.228226e+02 -7.228319e+02
1018 7.131186e-05 -7.228227e+02 -7.228312e+02
1019 4.208849e-05 -7.228228e+02 -7.228293e+02
1020 1.402277e-05 -7.228230e+02 -7.228267e+02
1021 6.523668e-07 -7.228231e+02 -7.228239e+02
1022 2.886311e-06 -7.228232e+02 -7.228215e+02
1023 1.092662e-05 -7.228233e+02 -7.228199e+02
1024 1.447077e-05 -7.228233e+02 -7.228195e+02
1025 1.081879e-05 -7.228233e+02 -7.228200e+02
1026 4.468270e-06 -7.228233e+02 -7.228212e+02
1027 6.235686e-07 -7.228232e+02 -7.228225e+02
1028 3.734299e-08 -7.228232e+02 -7.228234e+02
1029 3.095437e-07 -7.228231e+02 -7.228237e+02
1030 1.346289e-07 -7.228230e+02 -7.228234e+02
1031 1.215107e-10 -7.228230e+02 -7.228230e+02
1032 2.058864e-08 -7.228229e+02 -7.228228e+02
1033 3.251669e-08 -7.228229e+02 -7.228231e+02
1034 6.796900e-07 -7.228229e+02 -7.228237e+02
1035 2.042269e-06 -7.228229e+02 -7.228243e+02
1036 2.670588e-06 -7.228229e+02 -7.228245e+02
1037 1.546128e-06 -7.228229e+02 -7.228241e+02
1038 9.245626e-08 -7.228229e+02 -7.228232e+02
1039 9.222526e-07 -7.228228e+02 -7.228219e+02
1040 4.986616e-06 -7.228228e+02 -7.228206e+02
1041 1.047280e-05 -7.228227e+02 -7.228195e+02
1042 1.459275e-05 -7.228226e+02 -7.228188e+02
1043 1.601267e-05 -7.228225e+02 -7.228185e+02
1044 1.548997e-05 -7.228224e+02 -7.228185e+02
1045 1.455947e-05 -7.228223e+02 -7.228184e+02
1046 1.412124e-05 -7.228221e+02 -7.228184e+02
1047 1.370785e-05 -7.228220e+02 -7.228183e+02
1048 1.184354e-05 -7.228220e+02 -7.228185e+02
1049 7.764981e-06 -7.228219e+02 -7.228191e+02
1050 3.219217e-06 -7.228219e+02 -7.228201e+02
1051 6.465755e-07 -7.228219e+02 -7.228211e+02
1052 5.387204e-08 -7.228220e+02 -7.228217e+02
1053 7.228395e-08 -7.228220e+02 -7.228218e+02
1054 5.772225e-07 -7.228221e+02 -7.228214e+02
1055 1.774959e-06 -7.228222e+02 -7.228209e+02
1056 2.654865e-06 -7.228223e+02 -7.228207e+02
1057 2.224658e-06 -7.228224e+02 -7.228209e+02
1058 9.554317e-07 -7.228224e+02 -7.228215e+02
1059 8.559193e-08 -7.228225e+02 -7.228222e+02
1060 9.601129e-08 -7.228225e+02 -7.228228e+02
1061 3.535870e-07 -7.228224e+02 -7.228230e+02
1062 1.631463e-07 -7.228224e+02 -7.228228e+02
1063 7.517765e-08 -7.228223e+02 -7.228221e+02
1064 1.559293e-06 -7.228223e+02 -7.228210e+02
1065 4.621537e-06 -7.228222e+02 -7.228201e+02
1066 6.736004e-06 -7.228222e+02 -7.228196e+02
1067 5.897618e-06 -7.228222e+02 -7.228197e+02
1068 3.420686e-06 -7.228222e+02 -7.228203e+02
1069 1.697937e-06 -7.228222e+02 -7.228209e+02
1070 1.462241e-06 -7.228222e+02 -7.228210e+02
1071 3.024118e-06 -7.228222e+02 -7.228205e+02
1072 7.583382e-06 -7.228223e+02 -7.228195e+02
1073 1.490252e-05 -7.228223e+02 -7.228185e+02
1074 2.085687e-05 -7.228224e+02 -7.228178e+02
1075 1.986648e-05 -7.228224e+02 -7.228179e+02
1076 1.169216e-05 -7.228224e+02 -7.228190e+02
1077 2.798114e-06 -7.228224e+02 -7.228207e+02
1078 6.486605e-08 -7.228223e+02 -7.228226e+02
1079 3.065530e-06 -7.228223e+02 -7.228240e+02
1080 5.671951e-06 -7.228222e+02 -7.228246e+02
