0 1.247902e-06
1 1.295261e-06
2 1.491074e-06
3 1.577776e-06
4 1.373808e-06
5 9.007820e-07
6 3.771131e-07
7 5.248469e-08
8 1.929449e-08
9 2.274380e-07
10 7.584749e-07
11 2.134242e-06
12 5.266587e-06
13 1.020103e-05
14 1.428012e-05
15 1.368190e-05
16 8.322675e-06
17 2.702422e-06
18 2.630711e-07
19 1.162495e-09
20 2.430625e-08
21 7.446044e-07
22 2.725486e-06
23 4.355171e-06
24 3.647736e-06
25 1.119162e-06
26 8.071019e-08
27 3.014027e-06
28 7.913506e-06
29 9.822554e-06
30 6.891126e-06
31 2.576331e-06
32 3.661404e-07
33 1.042347e-08
34 1.050378e-07
35 1.469175e-06
36 6.200575e-06
37 1.418347e-05
38 2.151193e-05
39 2.305052e-05
40 1.732304e-05
41 8.439579e-06
42 2.056630e-06
43 3.279554e-08
44 3.805713e-07
45 1.075171e-06
46 1.833058e-06
47 3.200180e-06
48 5.391241e-06
49 7.496122e-06
50 8.087793e-06
51 6.921659e-06
52 5.138857e-06
53 3.864781e-06
54 3.399984e-06
55 3.433256e-06
56 3.312053e-06
57 2.402204e-06
58 8.947355e-07
59 3.832182e-09
60 8.191976e-07
61 2.927847e-06
62 4.343454e-06
63 3.504741e-06
64 1.320420e-06
65 5.861017e-08
66 1.489224e-07
67 1.443275e-07
68 1.069914e-07
69 2.268323e-06
70 7.640223e-06
71 1.376481e-05
72 1.673706e-05
73 1.473865e-05
74 9.419346e-06
75 4.149758e-06
76 1.138693e-06
77 2.200505e-07
78 1.129601e-07
79 2.228740e-07
80 1.972207e-07
81 2.187578e-08
82 1.835767e-06
83 7.867490e-06
84 1.552285e-05
85 1.898262e-05
86 1.601524e-05
87 9.871565e-06
88 4.734561e-06
89 2.113839e-06
90 1.361666e-06
91 1.758023e-06
92 3.228866e-06
93 5.372682e-06
94 6.926922e-06
95 6.527538e-06
96 4.363523e-06
97 2.044627e-06
98 6.920653e-07
99 1.754811e-07
100 1.486074e-08
101 3.845340e-08
102 3.423366e-07
103 9.488618e-07
104 1.610603e-06
105 2.068118e-06
106 2.304614e-06
107 2.474629e-06
108 2.719516e-06
109 3.101457e-06
110 3.671422e-06
111 4.511781e-06
112 5.612613e-06
113 6.386211e-06
114 5.803741e-06
115 3.400688e-06
116 7.622955e-07
117 2.461906e-08
118 5.400848e-07
119 2.303084e-07
120 3.808067e-07
121 4.644436e-06
122 1.225767e-05
123 1.672070e-05
124 1.338898e-05
125 5.508857e-06
126 3.307347e-07
127 1.294827e-06
128 5.606972e-06
129 8.473366e-06
130 8.019684e-06
131 5.943379e-06
132 4.596327e-06
133 5.035108e-06
134 7.583991e-06
135 1.170943e-05
136 1.534998e-05
137 1.615159e-05
138 1.354170e-05
139 8.981437e-06
140 4.536494e-06
141 1.620286e-06
142 3.955210e-07
143 1.398047e-07
144 3.168616e-07
145 1.151124e-06
146 2.705711e-06
147 4.185726e-06
148 4.963559e-06
149 5.405181e-06
150 6.179722e-06
151 7.267902e-06
152 7.733430e-06
153 6.630134e-06
154 4.346827e-06
155 2.313151e-06
156 1.382752e-06
157 1.627933e-06
158 3.455526e-06
159 7.606038e-06
160 1.350492e-05
161 1.848918e-05
162 1.970387e-05
163 1.676006e-05
164 1.207496e-05
165 8.508333e-06
166 7.381571e-06
167 8.755117e-06
168 1.172997e-05
169 1.374856e-05
170 1.194328e-05
171 6.666231e-06
172 1.700167e-06
173 3.961938e-10
174 7.466608e-07
175 1.183952e-06
176 3.661404e-07
177 1.813947e-07
178 2.862541e-06
179 7.856274e-06
180 1.155935e-05
181 1.075122e-05
182 6.496915e-06
183 2.663113e-06
184 1.134022e-06
185 1.354674e-06
186 3.214507e-06
187 6.026557e-06
188 6.816823e-06
189 3.955742e-06
190 4.787320e-07
191 8.119729e-07
192 5.434006e-06
193 1.049174e-05
194 1.193768e-05
195 9.120976e-06
196 4.562903e-06
197 1.223447e-06
198 4.756560e-08
199 1.473828e-07

0 2.082453e-06
1 2.143503e-06
2 2.393428e-06
3 2.502948e-06
4 2.244216e-06
5 1.625805e-06
6 8.837329e-07
7 3.081035e-07
8 3.499545e-08
9 2.277965e-08
10 2.969479e-07
11 1.288065e-06
12 3.876683e-06
13 8.225018e-06
14 1.192272e-05
15 1.137665e-05
16 6.548119e-06
17 1.736938e-06
18 3.494256e-08
19 1.296509e-07
20 2.892404e-08
21 2.882931e-07
22 1.755438e-06
23 3.100872e-06
24 2.508832e-06
25 5.357205e-07
26 3.721863e-07
27 4.252136e-06
28 9.853765e-06
29 1.197209e-05
30 8.708818e-06
31 3.729034e-06
32 8.668927e-07
33 1.832445e-07
34 4.225919e-07
35 2.365661e-06
36 7.930254e-06
37 1.674504e-05
38 2.464200e-05
39 2.628685e-05
40 2.014278e-05
41 1.043982e-05
42 3.097849e-06
43 2.571207e-07
44 8.463985e-08
45 5.054205e-07
46 1.056639e-06
47 2.140162e-06
48 3.983734e-06
49 5.817403e-06
50 6.339968e-06
51 5.312699e-06
52 3.767207e-06
53 2.689368e-06
54 2.304109e-06
55 2.331513e-06
56 2.231825e-06
57 1.498003e-06
58 3.843123e-07
59 6.973334e-08
60 1.515535e-06
61 4.149657e-06
62 5.808441e-06
63 4.831515e-06
64 2.175834e-06
65 3.227043e-07
66 3.591520e-09
67 2.908369e-09
68 4.265013e-07
69 3.356483e-06
70 9.548537e-06
71 1.628987e-05
72 1.951051e-05
73 1.734781e-05
74 1.152651e-05
75 5.584103e-06
76 1.940646e-06
77 6.321374e-07
78 4.383376e-07
79 6.369168e-07
80 5.930089e-07
81 3.170918e-08
82 1.058695e-06
83 6.145090e-06
84 1.306048e-05
85 1.624839e-05
86 1.351246e-05
87 7.929458e-06
88 3.422238e-06
89 1.272224e-06
90 7.071621e-07
91 9.998586e-07
92 2.163633e-06
93 3.967782e-06
94 5.317310e-06
95 4.968126e-06
96 3.107920e-06
97 1.218660e-06
98 2.559645e-07
99 8.635854e-09
100 4.164485e-08
101 2.725578e-07
102 8.300498e-07
103 1.690184e-06
104 2.544251e-06
105 3.111945e-06
106 3.400597e-06
107 3.606470e-06
108 3.900904e-06
109 4.355864e-06
110 5.026881e-06
111 6.002846e-06
112 7.263406e-06
113 8.140012e-06
114 7.480612e-06
115 4.709207e-06
116 1.437771e-06
117 2.858490e-08
118 1.672232e-07
119 2.369423e-08
120 8.893824e-07
121 6.155712e-06
122 1.464647e-05
123 1.949285e-05
124 1.588079e-05
125 7.145307e-06
126 8.119284e-07
127 6.592292e-07
128 4.169475e-06
129 6.681859e-06
130 6.279682e-06
131 4.460245e-06
132 3.304867e-06
133 3.678453e-06
134 5.894841e-06
135 9.584778e-06
136 1.290196e-05
137 1.363773e-05
138 1.124884e-05
139 7.133863e-06
140 3.254161e-06
141 8.966751e-07
142 9.176616e-08
143 2.297217e-09
144 5.613549e-08
145 5.579034e-07
146 1.739574e-06
147 2.958157e-06
148 3.617335e-06
149 3.995718e-06
150 4.665295e-06
151 5.616565e-06
152 6.026678e-06
153 5.057683e-06
154 3.093832e-06
155 1.427856e-06
156 7.223798e-07
157 9.023657e-07
158 2.349872e-06
159 5.914280e-06
160 1.121533e-05
161 1.579211e-05
162 1.691619e-05
163 1.419729e-05
164 9.915756e-06
165 6.712915e-06
166 5.716543e-06
167 6.932317e-06
168 9.603363e-06
169 1.143745e-05
170 9.796457e-06
171 5.089217e-06
172 9.563457e-07
173 9.367928e-08
174 1.416268e-06
175 1.999596e-06
176 8.668927e-07
177 9.985864e-09
178 1.865763e-06
179 6.135179e-06
180 9.449041e-06
181 8.719791e-06
182 4.941415e-06
183 1.705451e-06
184 5.460165e-07
185 7.021255e-07
186 2.151882e-06
187 4.532340e-06
188 5.220902e-06
189 2.765334e-06
190 1.339042e-07
191 1.505703e-06
192 7.060025e-06
193 1.270973e-05
194 1.429650e-05
195 1.119619e-05
196 6.061792e-06
197 2.050827e-06
198 2.960129e-07
199 3.355803e-09

0 2.437696e-06
1 2.503712e-06
2 2.773265e-06
3 2.891062e-06
4 2.612465e-06
5 1.941319e-06
6 1.120025e-06
7 4.533494e-07
8 9.321557e-08
9 1.068489e-09
10 1.820624e-07
11 1.033654e-06
12 3.425045e-06
13 7.560783e-06
14 1.112014e-05
15 1.059299e-05
16 5.956957e-06
17 1.439251e-06
18 4.718007e-09
19 2.287826e-07
20 8.312395e-08
21 1.752994e-07
22 1.456095e-06
23 2.698423e-06
24 2.148241e-06
25 3.766127e-07
26 5.304387e-07
27 4.753761e-06
28 1.061008e-05
29 1.280432e-05
30 9.420678e-06
31 4.199681e-06
32 1.101056e-06
33 2.984571e-07
34 5.903037e-07
35 2.743370e-06
36 8.610188e-06
37 1.772673e-05
38 2.582990e-05
39 2.751330e-05
40 2.121811e-05
41 1.121789e-05
42 3.528057e-06
43 3.910154e-07
44 2.982106e-08
45 3.512788e-07
46 8.275318e-07
47 1.808185e-06
48 3.525711e-06
49 5.261004e-06
50 5.758501e-06
51 4.781603e-06
52 3.322191e-06
53 2.315534e-06
54 1.959126e-06
55 1.984401e-06
56 1.892517e-06
57 1.222545e-06
58 2.516906e-07
59 1.461627e-07
60 1.820644e-06
61 4.645371e-06
62 6.392363e-06
63 5.365302e-06
64 2.538644e-06
65 4.710245e-07
66 3.400318e-09
67 4.136065e-09
68 5.949226e-07
69 3.803718e-06
70 1.029327e-05
71 1.725831e-05
72 2.056906e-05
73 1.834676e-05
74 1.234336e-05
75 6.156910e-06
76 2.284065e-06
77 8.341393e-07
78 6.088872e-07
79 8.396281e-07
80 7.890986e-07
81 8.780095e-08
82 8.293522e-07
83 5.572847e-06
84 1.221983e-05
85 1.530913e-05
86 1.265714e-05
87 7.277519e-06
88 2.998742e-06
89 1.019469e-06
90 5.222776e-07
91 7.773733e-07
92 1.829764e-06
93 3.510706e-06
94 4.785978e-06
95 4.455003e-06
96 2.704998e-06
97 9.715803e-07
98 1.503018e-07
99 6.407099e-10
100 1.038852e-07
101 4.099998e-07
102 1.059484e-06
103 2.011610e-06
104 2.935439e-06
105 3.543099e-06
106 3.850669e-06
107 4.069549e-06
108 4.381956e-06
109 4.863402e-06
110 5.571074e-06
111 6.596228e-06
112 7.914726e-06
113 8.828696e-06
114 8.141391e-06
115 5.236373e-06
116 1.735312e-06
117 8.254833e-08
118 8.449937e-08
119 1.273616e-09
120 1.126384e-06
121 6.756424e-06
122 1.556549e-05
123 2.055092e-05
124 1.683717e-05
125 7.791424e-06
126 1.038997e-06
127 4.812027e-07
128 3.700575e-06
129 6.084548e-06
130 5.701053e-06
131 3.974791e-06
132 2.888938e-06
133 3.238876e-06
134 5.334658e-06
135 8.866624e-06
136 1.206651e-05
137 1.277839e-05
138 1.046968e-05
139 6.516215e-06
140 2.841543e-06
141 6.867234e-07
142 3.410957e-08
143 4.943812e-09
144 1.408678e-08
145 3.952483e-07
146 1.441651e-06
147 2.565404e-06
148 3.181542e-06
149 3.536986e-06
150 4.168489e-06
151 5.070098e-06
152 5.460110e-06
153 4.539830e-06
154 2.691856e-06
155 1.159257e-06
156 5.353670e-07
157 6.917045e-07
158 2.001341e-06
159 5.353151e-06
160 1.043734e-05
161 1.486633e-05
162 1.595753e-05
163 1.332022e-05
164 9.185068e-06
165 6.114185e-06
166 5.165110e-06
167 6.323654e-06
168 8.884499e-06
169 1.065166e-05
170 9.070263e-06
171 4.569709e-06
172 7.390630e-07
173 1.800409e-07
174 1.711681e-06
175 2.347981e-06
176 1.101056e-06
177 3.353384e-10
178 1.556725e-06
179 5.563408e-06
180 8.736090e-06
181 8.035455e-06
182 4.429711e-06
183 1.410602e-06
184 3.852533e-07
185 5.179505e-07
186 1.818959e-06
187 4.042865e-06
188 4.694536e-06
189 2.386060e-06
190 6.134922e-08
191 1.809865e-06
192 7.702358e-06
193 1.356679e-05
194 1.520464e-05
195 1.200146e-05
196 6.658011e-06
197 2.403468e-06
198 4.386575e-07
199 3.637567e-09

0 2.573465e-06
1 2.641282e-06
2 2.917955e-06
3 3.038754e-06
4 2.752952e-06
5 2.062677e-06
6 1.212646e-06
7 5.129456e-07
8 1.212448e-07
9 1.040844e-10
10 1.473008e-07
11 9.482822e-07
12 3.268133e-06
13 7.326754e-06
14 1.083593e-05
15 1.031565e-05
16 5.749434e-06
17 1.338181e-06
18 6.655277e-10
19 2.716517e-07
20 1.096949e-07
21 1.412240e-07
22 1.354425e-06
23 2.559353e-06
24 2.024354e-06
25 3.258102e-07
26 5.947528e-07
27 4.942628e-06
28 1.089133e-05
29 1.311311e-05
30 9.685802e-06
31 4.377310e-06
32 1.192906e-06
33 3.471592e-07
34 6.580490e-07
35 2.887288e-06
36 8.863733e-06
37 1.808973e-05
38 2.626770e-05
39 2.796508e-05
40 2.161508e-05
41 1.150704e-05
42 3.691018e-06
43 4.464941e-07
44 1.684747e-08
45 3.022776e-07
46 7.513385e-07
47 1.694678e-06
48 3.366483e-06
49 5.066091e-06
50 5.554496e-06
51 4.595869e-06
52 3.167680e-06
53 2.186843e-06
54 1.840900e-06
55 1.865404e-06
56 1.776350e-06
57 1.129539e-06
58 2.104954e-07
59 1.807969e-07
60 1.938227e-06
61 4.832093e-06
62 6.611081e-06
63 5.565835e-06
64 2.677158e-06
65 5.317358e-07
66 1.024188e-08
67 1.149231e-08
68 6.629252e-07
69 3.972855e-06
70 1.057032e-05
71 1.761651e-05
72 2.095994e-05
73 1.871603e-05
74 1.264657e-05
75 6.371597e-06
76 2.415544e-06
77 9.143226e-07
78 6.776618e-07
79 9.200688e-07
80 8.671375e-07
81 1.150581e-07
82 7.530731e-07
83 5.372187e-06
84 1.192181e-05
85 1.497534e-05
86 1.235380e-05
87 7.047951e-06
88 2.852038e-06
89 9.346980e-07
90 4.621251e-07
91 7.035818e-07
92 1.715570e-06
93 3.351821e-06
94 4.600158e-06
95 4.275788e-06
96 2.565756e-06
97 8.888677e-07
98 1.188855e-07
99 4.651537e-09
100 1.333726e-07
101 4.667652e-07
102 1.149618e-06
103 2.135112e-06
104 3.084246e-06
105 3.706403e-06
106 4.020836e-06
107 4.244433e-06
108 4.563360e-06
109 5.054413e-06
110 5.775381e-06
111 6.818377e-06
112 8.157891e-06
113 9.085415e-06
114 8.387987e-06
115 5.434504e-06
116 1.850150e-06
117 1.090335e-07
118 6.140376e-08
119 5.187135e-11
120 1.219262e-06
121 6.981232e-06
122 1.590576e-05
123 2.094163e-05
124 1.719099e-05
125 8.032702e-06
126 1.128273e-06
127 4.235378e-07
128 3.537400e-06
129 5.874796e-06
130 5.498077e-06
131 3.805612e-06
132 2.744979e-06
133 3.086339e-06
134 5.138372e-06
135 8.613038e-06
136 1.177037e-05
137 1.247360e-05
138 1.019396e-05
139 6.299085e-06
140 2.698785e-06
141 6.174782e-07
142 2.010662e-08
143 1.281473e-08
144 5.745310e-09
145 3.431591e-07
146 1.340496e-06
147 2.429851e-06
148 3.030377e-06
149 3.377501e-06
150 3.995193e-06
151 4.878788e-06
152 5.261508e-06
153 4.358900e-06
154 2.552958e-06
155 1.068738e-06
156 4.744424e-07
157 6.222020e-07
158 1.881829e-06
159 5.156523e-06
160 1.016205e-05
161 1.453743e-05
162 1.561671e-05
163 1.300899e-05
164 8.926936e-06
165 5.903917e-06
166 4.971998e-06
167 6.109784e-06
168 8.630656e-06
169 1.037354e-05
170 8.813761e-06
171 4.388178e-06
172 6.671587e-07
173 2.182779e-07
174 1.825747e-06
175 2.481262e-06
176 1.192906e-06
177 3.745706e-09
178 1.451538e-06
179 5.362920e-06
180 8.484391e-06
181 7.794135e-06
182 4.251010e-06
183 1.310562e-06
184 3.338503e-07
185 4.580553e-07
186 1.705108e-06
187 3.872228e-06
188 4.510517e-06
189 2.255397e-06
190 4.194215e-08
191 1.927105e-06
192 7.942264e-06
193 1.388458e-05
194 1.554096e-05
195 1.230047e-05
196 6.881190e-06
197 2.538293e-06
198 4.973101e-07
199 1.065069e-08

0 2.623621e-06
1 2.692092e-06
2 2.971348e-06
3 3.093236e-06
4 2.804820e-06
5 2.107606e-06
6 1.247152e-06
7 5.354723e-07
8 1.323211e-07
9 6.635623e-10
10 1.356009e-07
11 9.182245e-07
12 3.212125e-06
13 7.242774e-06
14 1.073375e-05
15 1.021595e-05
16 5.675069e-06
17 1.302429e-06
18 1.048637e-10
19 2.881110e-07
20 1.202423e-07
21 1.297731e-07
22 1.318456e-06
23 2.509817e-06
24 1.980325e-06
25 3.082918e-07
26 6.189908e-07
27 5.012045e-06
28 1.099426e-05
29 1.322602e-05
30 9.782881e-06
31 4.442651e-06
32 1.227132e-06
33 3.657343e-07
34 6.835316e-07
35 2.940401e-06
36 8.956611e-06
37 1.822231e-05
38 2.642741e-05
39 2.812987e-05
40 2.175998e-05
41 1.161283e-05
42 3.751038e-06
43 4.675273e-07
44 1.305085e-08
45 2.854127e-07
46 7.246100e-07
47 1.654414e-06
48 3.309635e-06
49 4.996299e-06
50 5.481406e-06
51 4.529407e-06
52 3.112544e-06
53 2.141072e-06
54 1.798926e-06
55 1.823149e-06
56 1.735122e-06
57 1.096712e-06
58 1.964620e-07
59 1.942691e-07
60 1.981787e-06
61 4.900732e-06
62 6.691326e-06
63 5.639484e-06
64 2.728310e-06
65 5.546670e-07
66 1.363283e-08
67 1.506994e-08
68 6.885012e-07
69 4.035116e-06
70 1.067172e-05
71 1.774734e-05
72 2.110263e-05
73 1.885088e-05
74 1.275747e-05
75 6.450379e-06
76 2.464146e-06
77 9.443169e-07
78 7.035178e-07
79 9.501565e-07
80 8.963539e-07
81 1.258544e-07
82 7.263135e-07
83 5.300310e-06
84 1.181462e-05
85 1.485517e-05
86 1.224468e-05
87 6.965589e-06
88 2.799733e-06
89 9.048581e-07
90 4.412152e-07
91 6.777246e-07
92 1.675058e-06
93 3.295097e-06
94 4.533664e-06
95 4.211690e-06
96 2.516158e-06
97 8.597746e-07
98 1.083992e-07
99 7.015688e-09
100 1.449780e-07
101 4.882651e-07
102 1.183221e-06
103 2.180819e-06
104 3.139132e-06
105 3.766548e-06
106 4.083470e-06
107 4.308778e-06
108 4.630070e-06
109 5.124608e-06
110 5.850398e-06
111 6.899867e-06
112 8.247004e-06
113 9.179444e-06
114 8.478345e-06
115 5.507281e-06
116 1.892715e-06
117 1.195498e-07
118 5.393556e-08
119 5.180040e-10
120 1.253862e-06
121 7.063687e-06
122 1.603009e-05
123 2.108426e-05
124 1.732024e-05
125 8.121130e-06
126 1.161566e-06
127 4.035302e-07
128 3.479121e-06
129 5.799621e-06
130 5.425360e-06
131 3.745155e-06
132 2.693670e-06
133 3.031918e-06
134 5.068083e-06
135 8.521964e-06
136 1.166387e-05
137 1.236395e-05
138 1.009486e-05
139 6.221235e-06
140 2.647911e-06
141 5.932701e-07
142 1.593661e-08
143 1.657906e-08
144 3.628893e-09
145 3.251740e-07
146 1.304713e-06
147 2.381591e-06
148 2.976454e-06
149 3.320560e-06
150 3.933242e-06
151 4.810303e-06
152 5.190379e-06
153 4.294180e-06
154 2.503484e-06
155 1.036813e-06
156 4.532525e-07
157 5.979006e-07
158 1.839388e-06
159 5.086109e-06
160 1.006311e-05
161 1.441903e-05
162 1.549399e-05
163 1.289701e-05
164 8.834212e-06
165 5.828556e-06
166 4.902860e-06
167 6.033116e-06
168 8.539488e-06
169 1.027357e-05
170 8.721628e-06
171 4.323240e-06
172 6.419860e-07
173 2.330569e-07
174 1.868032e-06
175 2.530516e-06
176 1.227132e-06
177 5.892052e-09
178 1.414292e-06
179 5.291105e-06
180 8.394001e-06
181 7.707510e-06
182 4.187099e-06
183 1.275184e-06
184 3.161142e-07
185 4.372387e-07
186 1.664720e-06
187 3.811242e-06
188 4.444677e-06
189 2.208910e-06
190 3.581189e-08
191 1.970541e-06
192 8.030194e-06
193 1.400077e-05
194 1.566386e-05
195 1.240984e-05
196 6.963053e-06
197 2.588108e-06
198 5.194945e-07
199 1.410387e-08

0 2.641935e-06
1 2.710643e-06
2 2.990834e-06
3 3.113118e-06
4 2.823754e-06
5 2.124023e-06
6 1.259788e-06
7 5.437630e-07
8 1.364585e-07
9 9.861425e-10
10 1.314767e-07
11 9.074412e-07
12 3.191929e-06
13 7.212432e-06
14 1.069681e-05
15 1.017991e-05
16 5.648214e-06
17 1.289581e-06
18 2.113328e-11
19 2.942009e-07
20 1.241878e-07
21 1.257391e-07
22 1.305528e-06
23 2.491969e-06
24 1.964474e-06
25 3.020570e-07
26 6.279024e-07
27 5.037344e-06
28 1.103172e-05
29 1.326710e-05
30 9.818214e-06
31 4.466472e-06
32 1.239666e-06
33 3.725917e-07
34 6.928946e-07
35 2.959786e-06
36 8.990420e-06
37 1.827052e-05
38 2.648546e-05
39 2.818976e-05
40 2.181266e-05
41 1.165132e-05
42 3.772929e-06
43 4.752764e-07
44 1.179333e-08
45 2.794149e-07
46 7.150344e-07
47 1.639929e-06
48 3.289134e-06
49 4.971103e-06
50 5.455014e-06
51 4.505418e-06
52 3.092664e-06
53 2.124589e-06
54 1.783820e-06
55 1.807941e-06
56 1.720287e-06
57 1.084925e-06
58 1.914912e-07
59 1.992756e-07
60 1.997708e-06
61 4.925749e-06
62 6.720553e-06
63 5.666318e-06
64 2.746984e-06
65 5.631045e-07
66 1.498247e-08
67 1.648731e-08
68 6.978980e-07
69 4.057819e-06
70 1.070862e-05
71 1.779492e-05
72 2.115451e-05
73 1.889991e-05
74 1.279781e-05
75 6.479076e-06
76 2.481894e-06
77 9.553164e-07
78 7.130163e-07
79 9.611899e-07
80 9.070713e-07
81 1.298903e-07
82 7.167266e-07
83 5.274358e-06
84 1.177586e-05
85 1.481170e-05
86 1.220522e-05
87 6.935834e-06
88 2.780880e-06
89 8.941539e-07
90 4.337501e-07
91 6.684650e-07
92 1.660482e-06
93 3.274642e-06
94 4.509665e-06
95 4.188560e-06
96 2.498287e-06
97 8.493412e-07
98 1.047151e-07
99 7.992879e-09
100 1.493072e-07
101 4.961835e-07
102 1.195530e-06
103 2.197518e-06
104 3.159161e-06
105 3.788484e-06
106 4.106309e-06
107 4.332238e-06
108 4.654387e-06
109 5.150190e-06
110 5.877729e-06
111 6.929545e-06
112 8.279447e-06
113 9.213671e-06
114 8.511240e-06
115 5.533799e-06
116 1.908274e-06
117 1.234840e-07
118 5.134624e-08
119 8.067250e-10
120 1.266532e-06
121 7.093715e-06
122 1.607531e-05
123 2.113611e-05
124 1.736725e-05
125 8.153326e-06
126 1.173762e-06
127 3.963925e-07
128 3.458101e-06
129 5.772473e-06
130 5.399103e-06
131 3.723345e-06
132 2.675178e-06
133 3.012297e-06
134 5.042706e-06
135 8.489048e-06
136 1.162535e-05
137 1.232429e-05
138 1.005903e-05
139 6.193115e-06
140 2.629577e-06
141 5.846087e-07
142 1.454366e-08
143 1.806414e-08
144 2.980843e-09
145 3.187699e-07
146 1.291853e-06
147 2.364205e-06
148 2.957014e-06
149 3.300025e-06
150 3.910890e-06
151 4.785581e-06
152 5.164698e-06
153 4.270824e-06
154 2.485658e-06
155 1.025353e-06
156 4.456859e-07
157 5.892053e-07
158 1.824113e-06
159 5.060687e-06
160 1.002734e-05
161 1.437621e-05
162 1.544959e-05
163 1.285651e-05
164 8.800698e-06
165 5.801340e-06
166 4.877901e-06
167 6.005426e-06
168 8.506539e-06
169 1.023742e-05
170 8.688329e-06
171 4.299805e-06
172 6.329747e-07
173 2.385374e-07
174 1.883490e-06
175 2.548502e-06
176 1.239666e-06
177 6.790239e-09
178 1.400902e-06
179 5.265176e-06
180 8.361334e-06
181 7.676208e-06
182 4.164037e-06
183 1.262470e-06
184 3.098003e-07
185 4.298076e-07
186 1.650190e-06
187 3.789240e-06
188 4.420915e-06
189 2.192168e-06
190 3.370789e-08
191 1.986417e-06
192 8.062209e-06
193 1.404303e-05
194 1.570856e-05
195 1.244963e-05
196 6.992867e-06
197 2.606297e-06
198 5.276612e-07
199 1.547608e-08

0 2.648593e-06
1 2.717387e-06
2 2.997919e-06
3 3.120345e-06
4 2.830638e-06
5 2.129994e-06
6 1.264388e-06
7 5.467861e-07
8 1.379750e-07
9 1.118894e-09
10 1.299964e-07
11 9.035455e-07
12 3.184619e-06
13 7.201441e-06
14 1.068342e-05
15 1.016685e-05
16 5.638488e-06
17 1.284936e-06
18 6.503151e-12
19 2.964257e-07
20 1.256347e-07
21 1.242916e-07
22 1.300855e-06
23 2.485510e-06
24 1.958741e-06
25 2.998111e-07
26 6.311506e-07
27 5.046537e-06
28 1.104532e-05
29 1.328201e-05
30 9.831046e-06
31 4.475128e-06
32 1.244228e-06
33 3.750948e-07
34 6.963066e-07
35 2.966834e-06
36 9.002699e-06
37 1.828802e-05
38 2.650654e-05
39 2.821150e-05
40 2.183179e-05
41 1.166530e-05
42 3.780885e-06
43 4.781029e-07
44 1.135293e-08
45 2.772550e-07
46 7.115768e-07
47 1.634690e-06
48 3.281714e-06
49 4.961980e-06
50 5.445456e-06
51 4.496733e-06
52 3.085468e-06
53 2.118626e-06
54 1.778356e-06
55 1.802441e-06
56 1.714922e-06
57 1.080664e-06
58 1.897039e-07
59 2.011073e-07
60 2.003498e-06
61 4.934840e-06
62 6.731170e-06
63 5.676067e-06
64 2.753774e-06
65 5.661808e-07
66 1.548777e-08
67 1.701717e-08
68 7.013223e-07
69 4.066070e-06
70 1.072202e-05
71 1.781220e-05
72 2.117334e-05
73 1.891771e-05
74 1.281246e-05
75 6.489501e-06
76 2.488348e-06
77 9.593221e-07
78 7.164774e-07
79 9.652078e-07
80 9.109746e-07
81 1.313699e-07
82 7.132649e-07
83 5.264960e-06
84 1.176181e-05
85 1.479595e-05
86 1.219092e-05
87 6.925056e-06
88 2.774057e-06
89 8.902868e-07
90 4.310581e-07
91 6.651220e-07
92 1.655211e-06
93 3.267237e-06
94 4.500975e-06
95 4.180185e-06
96 2.491821e-06
97 8.455724e-07
98 1.033945e-07
99 8.363079e-09
100 1.508933e-07
101 4.990714e-07
102 1.200010e-06
103 2.203591e-06
104 3.166442e-06
105 3.796457e-06
106 4.114609e-06
107 4.340763e-06
108 4.663224e-06
109 5.159485e-06
110 5.887659e-06
111 6.940326e-06
112 8.291232e-06
113 9.226102e-06
114 8.523188e-06
115 5.543434e-06
116 1.913934e-06
117 1.249268e-07
118 5.042276e-08
119 9.271947e-10
120 1.271143e-06
121 7.104623e-06
122 1.609173e-05
123 2.115494e-05
124 1.738431e-05
125 8.165020e-06
126 1.178201e-06
127 3.938192e-07
128 3.450492e-06
129 5.762641e-06
130 5.389595e-06
131 3.715449e-06
132 2.668486e-06
133 3.005196e-06
134 5.033517e-06
135 8.477124e-06
136 1.161140e-05
137 1.230992e-05
138 1.004605e-05
139 6.182932e-06
140 2.622943e-06
141 5.814827e-07
142 1.405413e-08
143 1.861857e-08
144 2.761516e-09
145 3.164626e-07
146 1.287204e-06
147 2.357914e-06
148 2.949978e-06
149 3.292592e-06
150 3.902798e-06
151 4.776629e-06
152 5.155398e-06
153 4.262367e-06
154 2.479208e-06
155 1.021212e-06
156 4.429570e-07
157 5.860670e-07
158 1.818587e-06
159 5.051482e-06
160 1.001438e-05
161 1.436069e-05
162 1.543351e-05
163 1.284183e-05
164 8.788557e-06
165 5.791484e-06
166 4.868863e-06
167 5.995398e-06
168 8.494602e-06
169 1.022433e-05
170 8.676266e-06
171 4.291320e-06
172 6.297218e-07
173 2.405411e-07
174 1.889112e-06
175 2.555042e-06
176 1.244228e-06
177 7.131781e-09
178 1.396061e-06
179 5.255786e-06
180 8.349500e-06
181 7.664870e-06
182 4.155687e-06
183 1.257875e-06
184 3.075258e-07
185 4.271278e-07
186 1.644935e-06
187 3.781275e-06
188 4.412311e-06
189 2.186110e-06
190 3.296045e-08
191 1.992191e-06
192 8.073837e-06
193 1.405837e-05
194 1.572479e-05
195 1.246408e-05
196 7.003697e-06
197 2.612910e-06
198 5.306392e-07
199 1.598957e-08

0 2.651010e-06
1 2.719835e-06
2 3.000490e-06
3 3.122969e-06
4 2.833137e-06
5 2.132162e-06
6 1.266058e-06
7 5.478847e-07
8 1.385272e-07
9 1.169118e-09
10 1.294615e-07
11 9.021345e-07
12 3.181970e-06
13 7.197457e-06
14 1.067857e-05
15 1.016212e-05
16 5.634963e-06
17 1.283253e-06
18 3.267521e-12
19 2.972347e-07
20 1.261616e-07
21 1.237686e-07
22 1.299161e-06
23 2.483170e-06
24 1.956663e-06
25 2.989986e-07
26 6.323309e-07
27 5.049874e-06
28 1.105025e-05
29 1.328743e-05
30 9.835703e-06
31 4.478270e-06
32 1.245885e-06
33 3.760049e-07
34 6.975463e-07
35 2.969392e-06
36 9.007156e-06
37 1.829437e-05
38 2.651418e-05
39 2.821939e-05
40 2.183873e-05
41 1.167037e-05
42 3.783773e-06
43 4.791303e-07
44 1.119525e-08
45 2.764737e-07
46 7.103247e-07
47 1.632792e-06
48 3.279024e-06
49 4.958672e-06
50 5.441991e-06
51 4.493584e-06
52 3.082860e-06
53 2.116465e-06
54 1.776376e-06
55 1.800448e-06
56 1.712977e-06
57 1.079121e-06
58 1.890577e-07
59 2.017738e-07
60 2.005601e-06
61 4.938139e-06
62 6.735023e-06
63 5.679606e-06
64 2.756239e-06
65 5.672987e-07
66 1.567313e-08
67 1.721144e-08
68 7.025665e-07
69 4.069065e-06
70 1.072689e-05
71 1.781847e-05
72 2.118017e-05
73 1.892417e-05
74 1.281778e-05
75 6.493284e-06
76 2.490691e-06
77 9.607771e-07
78 7.177349e-07
79 9.666672e-07
80 9.123925e-07
81 1.319087e-07
82 7.120113e-07
83 5.261553e-06
84 1.175672e-05
85 1.479024e-05
86 1.218574e-05
87 6.921149e-06
88 2.771584e-06
89 8.888862e-07
90 4.300836e-07
91 6.639115e-07
92 1.653301e-06
93 3.264554e-06
94 4.497825e-06
95 4.177150e-06
96 2.489477e-06
97 8.442075e-07
98 1.029175e-07
99 8.499433e-09
100 1.514707e-07
101 5.001211e-07
102 1.201638e-06
103 2.205796e-06
104 3.169085e-06
105 3.799351e-06
106 4.117622e-06
107 4.343858e-06
108 4.666431e-06
109 5.162858e-06
110 5.891263e-06
111 6.944239e-06
112 8.295508e-06
113 9.230613e-06
114 8.527523e-06
115 5.546931e-06
116 1.915989e-06
117 1.254522e-07
118 5.008985e-08
119 9.729640e-10
120 1.272818e-06
121 7.108582e-06
122 1.609769e-05
123 2.116177e-05
124 1.739050e-05
125 8.169264e-06
126 1.179814e-06
127 3.928878e-07
128 3.447735e-06
129 5.759077e-06
130 5.386148e-06
131 3.712588e-06
132 2.666061e-06
133 3.002622e-06
134 5.030186e-06
135 8.472801e-06
136 1.160634e-05
137 1.230471e-05
138 1.004134e-05
139 6.179240e-06
140 2.620538e-06
141 5.803509e-07
142 1.387864e-08
143 1.882175e-08
144 2.684030e-09
145 3.156278e-07
146 1.285520e-06
147 2.355634e-06
148 2.947428e-06
149 3.289898e-06
150 3.899865e-06
151 4.773384e-06
152 5.152027e-06
153 4.259302e-06
154 2.476870e-06
155 1.019711e-06
156 4.419692e-07
157 5.849307e-07
158 1.816585e-06
159 5.048145e-06
160 1.000968e-05
161 1.435506e-05
162 1.542767e-05
163 1.283651e-05
164 8.784156e-06
165 5.787910e-06
166 4.865587e-06
167 5.991762e-06
168 8.490275e-06
169 1.021958e-05
170 8.671892e-06
171 4.288244e-06
172 6.285439e-07
173 2.412699e-07
174 1.891154e-06
175 2.557416e-06
176 1.245885e-06
177 7.257740e-09
178 1.394307e-06
179 5.252382e-06
180 8.345210e-06
181 7.660759e-06
182 4.152660e-06
183 1.256210e-06
184 3.067029e-07
185 4.261578e-07
186 1.643031e-06
187 3.778388e-06
188 4.409192e-06
189 2.183915e-06
190 3.269140e-08
191 1.994287e-06
192 8.078057e-06
193 1.406394e-05
194 1.573068e-05
195 1.246932e-05
196 7.007627e-06
197 2.615311e-06
198 5.317215e-07
199 1.617790e-08

0 2.651888e-06
1 2.720724e-06
2 3.001424e-06
3 3.123921e-06
4 2.834043e-06
5 2.132948e-06
6 1.266664e-06
7 5.482835e-07
8 1.387277e-07
9 1.187609e-09
10 1.292678e-07
11 9.016230e-07
12 3.181009e-06
13 7.196012e-06
14 1.067681e-05
15 1.016040e-05
16 5.633684e-06
17 1.282643e-06
18 2.366369e-12
19 2.975285e-07
20 1.263530e-07
21 1.235792e-07
22 1.298548e-06
23 2.482321e-06
24 1.955909e-06
25 2.987041e-07
26 6.327593e-07
27 5.051084e-06
28 1.105205e-05
29 1.328939e-05
30 9.837392e-06
31 4.479410e-06
32 1.246487e-06
33 3.763353e-07
34 6.979963e-07
35 2.970320e-06
36 9.008772e-06
37 1.829668e-05
38 2.651696e-05
39 2.822225e-05
40 2.184124e-05
41 1.167221e-05
42 3.784821e-06
43 4.795032e-07
44 1.113833e-08
45 2.761905e-07
46 7.098708e-07
47 1.632104e-06
48 3.278049e-06
49 4.957473e-06
50 5.440735e-06
51 4.492443e-06
52 3.081915e-06
53 2.115682e-06
54 1.775658e-06
55 1.799725e-06
56 1.712272e-06
57 1.078562e-06
58 1.888235e-07
59 2.020158e-07
60 2.006364e-06
61 4.939336e-06
62 6.736421e-06
63 5.680890e-06
64 2.757133e-06
65 5.677045e-07
66 1.574064e-08
67 1.728218e-08
68 7.030180e-07
69 4.070152e-06
70 1.072865e-05
71 1.782074e-05
72 2.118265e-05
73 1.892652e-05
74 1.281971e-05
75 6.494657e-06
76 2.491541e-06
77 9.613051e-07
78 7.181913e-07
79 9.671969e-07
80 9.129071e-07
81 1.321044e-07
82 7.115569e-07
83 5.260318e-06
84 1.175487e-05
85 1.478816e-05
86 1.218386e-05
87 6.919732e-06
88 2.770688e-06
89 8.883784e-07
90 4.297305e-07
91 6.634726e-07
92 1.652609e-06
93 3.263581e-06
94 4.496683e-06
95 4.176049e-06
96 2.488627e-06
97 8.437126e-07
98 1.027448e-07
99 8.549166e-09
100 1.516804e-07
101 5.005021e-07
102 1.202228e-06
103 2.206596e-06
104 3.170044e-06
105 3.800401e-06
106 4.118715e-06
107 4.344981e-06
108 4.667595e-06
109 5.164082e-06
110 5.892570e-06
111 6.945658e-06
112 8.297060e-06
113 9.232249e-06
114 8.529097e-06
115 5.548200e-06
116 1.916734e-06
117 1.256431e-07
118 4.996937e-08
119 9.898385e-10
120 1.273426e-06
121 7.110018e-06
122 1.609985e-05
123 2.116425e-05
124 1.739275e-05
125 8.170803e-06
126 1.180399e-06
127 3.925502e-07
128 3.446734e-06
129 5.757784e-06
130 5.384898e-06
131 3.711550e-06
132 2.665181e-06
133 3.001689e-06
134 5.028978e-06
135 8.471233e-06
136 1.160450e-05
137 1.230282e-05
138 1.003963e-05
139 6.177901e-06
140 2.619666e-06
141 5.799406e-07
142 1.381525e-08
143 1.889572e-08
144 2.656196e-09
145 3.153253e-07
146 1.284909e-06
147 2.354808e-06
148 2.946504e-06
149 3.288921e-06
150 3.898802e-06
151 4.772208e-06
152 5.150804e-06
153 4.258190e-06
154 2.476023e-06
155 1.019168e-06
156 4.416112e-07
157 5.845188e-07
158 1.815859e-06
159 5.046934e-06
160 1.000797e-05
161 1.435302e-05
162 1.542556e-05
163 1.283458e-05
164 8.782559e-06
165 5.786615e-06
166 4.864399e-06
167 5.990444e-06
168 8.488705e-06
169 1.021786e-05
170 8.670306e-06
171 4.287129e-06
172 6.281170e-07
173 2.415346e-07
174 1.891895e-06
175 2.558278e-06
176 1.246487e-06
177 7.303702e-09
178 1.393671e-06
179 5.251148e-06
180 8.343654e-06
181 7.659268e-06
182 4.151562e-06
183 1.255606e-06
184 3.064047e-07
185 4.258062e-07
186 1.642340e-06
187 3.777341e-06
188 4.408061e-06
189 2.183119e-06
190 3.259408e-08
191 1.995048e-06
192 8.079589e-06
193 1.406596e-05
194 1.573282e-05
195 1.247122e-05
196 7.009053e-06
197 2.616182e-06
198 5.321144e-07
199 1.624648e-08

0 2.652206e-06
1 2.721046e-06
2 3.001762e-06
3 3.124266e-06
4 2.834372e-06
5 2.133234e-06
6 1.266884e-06
7 5.484282e-07
8 1.388005e-07
9 1.194352e-09
10 1.291975e-07
11 9.014375e-07
12 3.180660e-06
13 7.195488e-06
14 1.067617e-05
15 1.015978e-05
16 5.633220e-06
17 1.282422e-06
18 2.075348e-12
19 2.976351e-07
20 1.264225e-07
21 1.235105e-07
22 1.298325e-06
23 2.482013e-06
24 1.955636e-06
25 2.985973e-07
26 6.329147e-07
27 5.051523e-06
28 1.105270e-05
29 1.329010e-05
30 9.838005e-06
31 4.479824e-06
32 1.246705e-06
33 3.764551e-07
34 6.981595e-07
35 2.970657e-06
36 9.009359e-06
37 1.829751e-05
38 2.651796e-05
39 2.822329e-05
40 2.184216e-05
41 1.167288e-05
42 3.785201e-06
43 4.796385e-07
44 1.111772e-08
45 2.760878e-07
46 7.097062e-07
47 1.631855e-06
48 3.277695e-06
49 4.957038e-06
50 5.440279e-06
51 4.492028e-06
52 3.081572e-06
53 2.115397e-06
54 1.775398e-06
55 1.799463e-06
56 1.712017e-06
57 1.078359e-06
58 1.887386e-07
59 2.021036e-07
60 2.006641e-06
61 4.939770e-06
62 6.736929e-06
63 5.681355e-06
64 2.757457e-06
65 5.678518e-07
66 1.576516e-08
67 1.730787e-08
68 7.031819e-07
69 4.070546e-06
70 1.072929e-05
71 1.782156e-05
72 2.118355e-05
73 1.892737e-05
74 1.282041e-05
75 6.495155e-06
76 2.491850e-06
77 9.614967e-07
78 7.183569e-07
79 9.673891e-07
80 9.130938e-07
81 1.321754e-07
82 7.113921e-07
83 5.259870e-06
84 1.175420e-05
85 1.478741e-05
86 1.218318e-05
87 6.919218e-06
88 2.770363e-06
89 8.881943e-07
90 4.296024e-07
91 6.633135e-07
92 1.652358e-06
93 3.263228e-06
94 4.496268e-06
95 4.175650e-06
96 2.488319e-06
97 8.435331e-07
98 1.026822e-07
99 8.567241e-09
100 1.517565e-07
101 5.006403e-07
102 1.202443e-06
103 2.206887e-06
104 3.170392e-06
105 3.800782e-06
106 4.119111e-06
107 4.345388e-06
108 4.668017e-06
109 5.164526e-06
110 5.893045e-06
111 6.946173e-06
112 8.297622e-06
113 9.232843e-06
114 8.529667e-06
115 5.548660e-06
116 1.917005e-06
117 1.257124e-07
118 4.992570e-08
119 9.959953e-10
120 1.273646e-06
121 7.110539e-06
122 1.610063e-05
123 2.116515e-05
124 1.739357e-05
125 8.171362e-06
126 1.180611e-06
127 3.924278e-07
128 3.446372e-06
129 5.757315e-06
130 5.384445e-06
131 3.711173e-06
132 2.664862e-06
133 3.001350e-06
134 5.028540e-06
135 8.470665e-06
136 1.160384e-05
137 1.230214e-05
138 1.003902e-05
139 6.177415e-06
140 2.619350e-06
141 5.797918e-07
142 1.379230e-08
143 1.892259e-08
144 2.646136e-09
145 3.152156e-07
146 1.284688e-06
147 2.354508e-06
148 2.946168e-06
149 3.288567e-06
150 3.898416e-06
151 4.771781e-06
152 5.150361e-06
153 4.257787e-06
154 2.475715e-06
155 1.018970e-06
156 4.414813e-07
157 5.843694e-07
158 1.815596e-06
159 5.046495e-06
160 1.000736e-05
161 1.435228e-05
162 1.542479e-05
163 1.283388e-05
164 8.781980e-06
165 5.786145e-06
166 4.863968e-06
167 5.989966e-06
168 8.488136e-06
169 1.021723e-05
170 8.669730e-06
171 4.286724e-06
172 6.279621e-07
173 2.416306e-07
174 1.892164e-06
175 2.558590e-06
176 1.246705e-06
177 7.320410e-09
178 1.393440e-06
179 5.250700e-06
180 8.343089e-06
181 7.658728e-06
182 4.151164e-06
183 1.255387e-06
184 3.062965e-07
185 4.256787e-07
186 1.642090e-06
187 3.776961e-06
188 4.407651e-06
189 2.182831e-06
190 3.255881e-08
191 1.995324e-06
192 8.080144e-06
193 1.406670e-05
194 1.573359e-05
195 1.247191e-05
196 7.009571e-06
197 2.616498e-06
198 5.322569e-07
199 1.627140e-08

0 2.652321e-06
1 2.721163e-06
2 3.001885e-06
3 3.124391e-06
4 2.834492e-06
5 2.133337e-06
6 1.266964e-06
7 5.484807e-07
8 1.388269e-07
9 1.196802e-09
10 1.291721e-07
11 9.013702e-07
12 3.180534e-06
13 7.195297e-06
14 1.067594e-05
15 1.015955e-05
16 5.633052e-06
17 1.282341e-06
18 1.974504e-12
19 2.976737e-07
20 1.264477e-07
21 1.234856e-07
22 1.298244e-06
23 2.481901e-06
24 1.955537e-06
25 2.985586e-07
26 6.329711e-07
27 5.051683e-06
28 1.105293e-05
29 1.329036e-05
30 9.838227e-06
31 4.479974e-06
32 1.246784e-06
33 3.764986e-07
34 6.982187e-07
35 2.970779e-06
36 9.009572e-06
37 1.829782e-05
38 2.651833e-05
39 2.822366e-05
40 2.184249e-05
41 1.167312e-05
42 3.785339e-06
43 4.796876e-07
44 1.111025e-08
45 2.760506e-07
46 7.096465e-07
47 1.631764e-06
48 3.277567e-06
49 4.956880e-06
50 5.440114e-06
51 4.491878e-06
52 3.081447e-06
53 2.115294e-06
54 1.775304e-06
55 1.799368e-06
56 1.711924e-06
57 1.078285e-06
58 1.887079e-07
59 2.021355e-07
60 2.006741e-06
61 4.939928e-06
62 6.737113e-06
63 5.681524e-06
64 2.757575e-06
65 5.679052e-07
66 1.577406e-08
67 1.731720e-08
68 7.032413e-07
69 4.070689e-06
70 1.072952e-05
71 1.782186e-05
72 2.118388e-05
73 1.892768e-05
74 1.282066e-05
75 6.495336e-06
76 2.491962e-06
77 9.615662e-07
78 7.184170e-07
79 9.674588e-07
80 9.131615e-07
81 1.322012e-07
82 7.113323e-07
83 5.259707e-06
84 1.175396e-05
85 1.478714e-05
86 1.218293e-05
87 6.919031e-06
88 2.770245e-06
89 8.881275e-07
90 4.295559e-07
91 6.632558e-07
92 1.652266e-06
93 3.263100e-06
94 4.496118e-06
95 4.175505e-06
96 2.488207e-06
97 8.434681e-07
98 1.026595e-07
99 8.573802e-09
100 1.517841e-07
101 5.006904e-07
102 1.202520e-06
103 2.206992e-06
104 3.170518e-06
105 3.800920e-06
106 4.119255e-06
107 4.345536e-06
108 4.668170e-06
109 5.164687e-06
110 5.893217e-06
111 6.946360e-06
112 8.297827e-06
113 9.233059e-06
114 8.529874e-06
115 5.548827e-06
116 1.917103e-06
117 1.257375e-07
118 4.990987e-08
119 9.982333e-10
120 1.273726e-06
121 7.110728e-06
122 1.610092e-05
123 2.116547e-05
124 1.739386e-05
125 8.171564e-06
126 1.180688e-06
127 3.923834e-07
128 3.446240e-06
129 5.757145e-06
130 5.384280e-06
131 3.711037e-06
132 2.664747e-06
133 3.001228e-06
134 5.028381e-06
135 8.470458e-06
136 1.160360e-05
137 1.230189e-05
138 1.003879e-05
139 6.177239e-06
140 2.619235e-06
141 5.797378e-07
142 1.378397e-08
143 1.893234e-08
144 2.642492e-09
145 3.151758e-07
146 1.284607e-06
147 2.354399e-06
148 2.946047e-06
149 3.288438e-06
150 3.898276e-06
151 4.771626e-06
152 5.150200e-06
153 4.257641e-06
154 2.475604e-06
155 1.018899e-06
156 4.414342e-07
157 5.843153e-07
158 1.815501e-06
159 5.046336e-06
160 1.000713e-05
161 1.435201e-05
162 1.542451e-05
163 1.283363e-05
164 8.781770e-06
165 5.785974e-06
166 4.863812e-06
167 5.989792e-06
168 8.487930e-06
169 1.021701e-05
170 8.669522e-06
171 4.286578e-06
172 6.279060e-07
173 2.416655e-07
174 1.892261e-06
175 2.558704e-06
176 1.246784e-06
177 7.326475e-09
178 1.393356e-06
179 5.250538e-06
180 8.342884e-06
181 7.658531e-06
182 4.151020e-06
183 1.255308e-06
184 3.062573e-07
185 4.256325e-07
186 1.641999e-06
187 3.776824e-06
188 4.407502e-06
189 2.182726e-06
190 3.254603e-08
191 1.995424e-06
192 8.080345e-06
193 1.406696e-05
194 1.573387e-05
195 1.247216e-05
196 7.009758e-06
197 2.616613e-06
198 5.323086e-07
199 1.628044e-08

0 2.652363e-06
1 2.721206e-06
2 3.001929e-06
3 3.124437e-06
4 2.834535e-06
5 2.133375e-06
6 1.266993e-06
7 5.484997e-07
8 1.388365e-07
9 1.197692e-09
10 1.291628e-07
11 9.013458e-07
12 3.180488e-06
13 7.195229e-06
14 1.067585e-05
15 1.015947e-05
16 5.632991e-06
17 1.282312e-06
18 1.938545e-12
19 2.976877e-07
20 1.264568e-07
21 1.234766e-07
22 1.298215e-06
23 2.481861e-06
24 1.955501e-06
25 2.985446e-07
26 6.329916e-07
27 5.051740e-06
28 1.105302e-05
29 1.329046e-05
30 9.838308e-06
31 4.480028e-06
32 1.246813e-06
33 3.765144e-07
34 6.982402e-07
35 2.970823e-06
36 9.009649e-06
37 1.829793e-05
38 2.651846e-05
39 2.822380e-05
40 2.184261e-05
41 1.167321e-05
42 3.785389e-06
43 4.797054e-07
44 1.110754e-08
45 2.760371e-07
46 7.096248e-07
47 1.631731e-06
48 3.277520e-06
49 4.956823e-06
50 5.440054e-06
51 4.491824e-06
52 3.081402e-06
53 2.115257e-06
54 1.775269e-06
55 1.799333e-06
56 1.711890e-06
57 1.078259e-06
58 1.886967e-07
59 2.021471e-07
60 2.006777e-06
61 4.939985e-06
62 6.737179e-06
63 5.681586e-06
64 2.757618e-06
65 5.679245e-07
66 1.577729e-08
67 1.732058e-08
68 7.032628e-07
69 4.070741e-06
70 1.072961e-05
71 1.782197e-05
72 2.118400e-05
73 1.892779e-05
74 1.282075e-05
75 6.495401e-06
76 2.492002e-06
77 9.615914e-07
78 7.184388e-07
79 9.674841e-07
80 9.131860e-07
81 1.322105e-07
82 7.113106e-07
83 5.259648e-06
84 1.175387e-05
85 1.478704e-05
86 1.218284e-05
87 6.918964e-06
88 2.770202e-06
89 8.881033e-07
90 4.295391e-07
91 6.632348e-07
92 1.652233e-06
93 3.263053e-06
94 4.496064e-06
95 4.175452e-06
96 2.488167e-06
97 8.434444e-07
98 1.026512e-07
99 8.576183e-09
100 1.517941e-07
101 5.007086e-07
102 1.202548e-06
103 2.207030e-06
104 3.170564e-06
105 3.800970e-06
106 4.119307e-06
107 4.345589e-06
108 4.668226e-06
109 5.164746e-06
110 5.893279e-06
111 6.946428e-06
112 8.297901e-06
113 9.233137e-06
114 8.529949e-06
115 5.548888e-06
116 1.917138e-06
117 1.257466e-07
118 4.990413e-08
119 9.990457e-10
120 1.273755e-06
121 7.110797e-06
122 1.610102e-05
123 2.116559e-05
124 1.739397e-05
125 8.171638e-06
126 1.180716e-06
127 3.923673e-07
128 3.446192e-06
129 5.757083e-06
130 5.384221e-06
131 3.710987e-06
132 2.664705e-06
133 3.001183e-06
134 5.028323e-06
135 8.470383e-06
136 1.160351e-05
137 1.230180e-05
138 1.003871e-05
139 6.177175e-06
140 2.619194e-06
141 5.797183e-07
142 1.378096e-08
143 1.893587e-08
144 2.641170e-09
145 3.151613e-07
146 1.284578e-06
147 2.354360e-06
148 2.946003e-06
149 3.288392e-06
150 3.898225e-06
151 4.771570e-06
152 5.150141e-06
153 4.257588e-06
154 2.475563e-06
155 1.018873e-06
156 4.414172e-07
157 5.842956e-07
158 1.815466e-06
159 5.046278e-06
160 1.000705e-05
161 1.435192e-05
162 1.542441e-05
163 1.283353e-05
164 8.781694e-06
165 5.785912e-06
166 4.863755e-06
167 5.989729e-06
168 8.487855e-06
169 1.021692e-05
170 8.669446e-06
171 4.286524e-06
172 6.278856e-07
173 2.416781e-07
174 1.892296e-06
175 2.558745e-06
176 1.246813e-06
177 7.328675e-09
178 1.393326e-06
179 5.250479e-06
180 8.342810e-06
181 7.658460e-06
182 4.150967e-06
183 1.255279e-06
184 3.062431e-07
185 4.256157e-07
186 1.641966e-06
187 3.776774e-06
188 4.407448e-06
189 2.182688e-06
190 3.254139e-08
191 1.995460e-06
192 8.080418e-06
193 1.406706e-05
194 1.573398e-05
195 1.247225e-05
196 7.009826e-06
197 2.616655e-06
198 5.323274e-07
199 1.628372e-08

0 2.652378e-06
1 2.721221e-06
2 3.001946e-06
3 3.124453e-06
4 2.834551e-06
5 2.133388e-06
6 1.267003e-06
7 5.485066e-07
8 1.388400e-07
9 1.198015e-09
10 1.291595e-07
11 9.013369e-07
12 3.180472e-06
13 7.195204e-06
14 1.067582e-05
15 1.015944e-05
16 5.632969e-06
17 1.282302e-06
18 1.925583e-12
19 2.976928e-07
20 1.264601e-07
21 1.234733e-07
22 1.298204e-06
23 2.481846e-06
24 1.955488e-06
25 2.985395e-07
26 6.329990e-07
27 5.051761e-06
28 1.105305e-05
29 1.329049e-05
30 9.838337e-06
31 4.480048e-06
32 1.246823e-06
33 3.765201e-07
34 6.982480e-07
35 2.970840e-06
36 9.009677e-06
37 1.829797e-05
38 2.651851e-05
39 2.822385e-05
40 2.184265e-05
41 1.167324e-05
42 3.785407e-06
43 4.797119e-07
44 1.110656e-08
45 2.760322e-07
46 7.096170e-07
47 1.631719e-06
48 3.277503e-06
49 4.956802e-06
50 5.440032e-06
51 4.491804e-06
52 3.081386e-06
53 2.115243e-06
54 1.775257e-06
55 1.799321e-06
56 1.711878e-06
57 1.078249e-06
58 1.886926e-07
59 2.021513e-07
60 2.006791e-06
61 4.940006e-06
62 6.737203e-06
63 5.681608e-06
64 2.757633e-06
65 5.679316e-07
66 1.577846e-08
67 1.732181e-08
68 7.032707e-07
69 4.070760e-06
70 1.072964e-05
71 1.782201e-05
72 2.118404e-05
73 1.892783e-05
74 1.282078e-05
75 6.495425e-06
76 2.492017e-06
77 9.616006e-07
78 7.184467e-07
79 9.674932e-07
80 9.131950e-07
81 1.322139e-07
82 7.113027e-07
83 5.259627e-06
84 1.175384e-05
85 1.478701e-05
86 1.218281e-05
87 6.918939e-06
88 2.770186e-06
89 8.880945e-07
90 4.295330e-07
91 6.632273e-07
92 1.652221e-06
93 3.263036e-06
94 4.496044e-06
95 4.175433e-06
96 2.488152e-06
97 8.434359e-07
98 1.026482e-07
99 8.577047e-09
100 1.517978e-07
101 5.007152e-07
102 1.202559e-06
103 2.207044e-06
104 3.170580e-06
105 3.800988e-06
106 4.119326e-06
107 4.345609e-06
108 4.668246e-06
109 5.164767e-06
110 5.893302e-06
111 6.946452e-06
112 8.297927e-06
113 9.233165e-06
114 8.529976e-06
115 5.548910e-06
116 1.917151e-06
117 1.257499e-07
118 4.990204e-08
119 9.993404e-10
120 1.273766e-06
121 7.110821e-06
122 1.610106e-05
123 2.116563e-05
124 1.739401e-05
125 8.171665e-06
126 1.180726e-06
127 3.923615e-07
128 3.446175e-06
129 5.757061e-06
130 5.384199e-06
131 3.710969e-06
132 2.664689e-06
133 3.001167e-06
134 5.028302e-06
135 8.470356e-06
136 1.160348e-05
137 1.230177e-05
138 1.003868e-05
139 6.177152e-06
140 2.619179e-06
141 5.797112e-07
142 1.377986e-08
143 1.893716e-08
144 2.640691e-09
145 3.151561e-07
146 1.284568e-06
147 2.354345e-06
148 2.945987e-06
149 3.288375e-06
150 3.898207e-06
151 4.771549e-06
152 5.150120e-06
153 4.257569e-06
154 2.475549e-06
155 1.018863e-06
156 4.414110e-07
157 5.842885e-07
158 1.815453e-06
159 5.046257e-06
160 1.000702e-05
161 1.435188e-05
162 1.542437e-05
163 1.283350e-05
164 8.781666e-06
165 5.785890e-06
166 4.863735e-06
167 5.989706e-06
168 8.487828e-06
169 1.021689e-05
170 8.669419e-06
171 4.286505e-06
172 6.278782e-07
173 2.416827e-07
174 1.892309e-06
175 2.558760e-06
176 1.246823e-06
177 7.329474e-09
178 1.393315e-06
179 5.250457e-06
180 8.342783e-06
181 7.658434e-06
182 4.150948e-06
183 1.255268e-06
184 3.062379e-07
185 4.256097e-07
186 1.641954e-06
187 3.776756e-06
188 4.407429e-06
189 2.182674e-06
190 3.253971e-08
191 1.995474e-06
192 8.080445e-06
193 1.406709e-05
194 1.573401e-05
195 1.247229e-05
196 7.009851e-06
197 2.616670e-06
198 5.323342e-07
199 1.628491e-08

0 2.652384e-06
1 2.721226e-06
2 3.001951e-06
3 3.124459e-06
4 2.834556e-06
5 2.133393e-06
6 1.267007e-06
7 5.485092e-07
8 1.388412e-07
9 1.198132e-09
10 1.291583e-07
11 9.013337e-07
12 3.180465e-06
13 7.195194e-06
14 1.067581e-05
15 1.015943e-05
16 5.632961e-06
17 1.282298e-06
18 1.920893e-12
19 2.976947e-07
20 1.264613e-07
21 1.234721e-07
22 1.298200e-06
23 2.481841e-06
24 1.955483e-06
25 2.985376e-07
26 6.330017e-07
27 5.051769e-06
28 1.105306e-05
29 1.329050e-05
30 9.838348e-06
31 4.480055e-06
32 1.246827e-06
33 3.765222e-07
34 6.982508e-07
35 2.970845e-06
36 9.009687e-06
37 1.829798e-05
38 2.651852e-05
39 2.822387e-05
40 2.184267e-05
41 1.167325e-05
42 3.785414e-06
43 4.797142e-07
44 1.110620e-08
45 2.760304e-07
46 7.096141e-07
47 1.631715e-06
48 3.277497e-06
49 4.956794e-06
50 5.440024e-06
51 4.491797e-06
52 3.081380e-06
53 2.115239e-06
54 1.775252e-06
55 1.799316e-06
56 1.711874e-06
57 1.078245e-06
58 1.886912e-07
59 2.021528e-07
60 2.006795e-06
61 4.940013e-06
62 6.737212e-06
63 5.681616e-06
64 2.757639e-06
65 5.679341e-07
66 1.577889e-08
67 1.732225e-08
68 7.032735e-07
69 4.070766e-06
70 1.072965e-05
71 1.782203e-05
72 2.118406e-05
73 1.892784e-05
74 1.282080e-05
75 6.495434e-06
76 2.492022e-06
77 9.616039e-07
78 7.184496e-07
79 9.674966e-07
80 9.131982e-07
81 1.322152e-07
82 7.112999e-07
83 5.259619e-06
84 1.175383e-05
85 1.478699e-05
86 1.218279e-05
87 6.918930e-06
88 2.770181e-06
89 8.880913e-07
90 4.295308e-07
91 6.632245e-07
92 1.652217e-06
93 3.263030e-06
94 4.496037e-06
95 4.175426e-06
96 2.488146e-06
97 8.434328e-07
98 1.026472e-07
99 8.577360e-09
100 1.517991e-07
101 5.007176e-07
102 1.202562e-06
103 2.207049e-06
104 3.170586e-06
105 3.800995e-06
106 4.119333e-06
107 4.345616e-06
108 4.668253e-06
109 5.164775e-06
110 5.893310e-06
111 6.946461e-06
112 8.297937e-06
113 9.233175e-06
114 8.529986e-06
115 5.548917e-06
116 1.917156e-06
117 1.257511e-07
118 4.990129e-08
119 9.994473e-10
120 1.273770e-06
121 7.110830e-06
122 1.610107e-05
123 2.116565e-05
124 1.739402e-05
125 8.171674e-06
126 1.180730e-06
127 3.923594e-07
128 3.446169e-06
129 5.757053e-06
130 5.384191e-06
131 3.710963e-06
132 2.664684e-06
133 3.001161e-06
134 5.028295e-06
135 8.470346e-06
136 1.160347e-05
137 1.230176e-05
138 1.003867e-05
139 6.177143e-06
140 2.619173e-06
141 5.797086e-07
142 1.377946e-08
143 1.893762e-08
144 2.640517e-09
145 3.151542e-07
146 1.284564e-06
147 2.354340e-06
148 2.945981e-06
149 3.288369e-06
150 3.898200e-06
151 4.771542e-06
152 5.150113e-06
153 4.257562e-06
154 2.475543e-06
155 1.018860e-06
156 4.414087e-07
157 5.842859e-07
158 1.815449e-06
159 5.046250e-06
160 1.000701e-05
161 1.435187e-05
162 1.542436e-05
163 1.283349e-05
164 8.781656e-06
165 5.785882e-06
166 4.863727e-06
167 5.989698e-06
168 8.487818e-06
169 1.021688e-05
170 8.669409e-06
171 4.286498e-06
172 6.278755e-07
173 2.416844e-07
174 1.892314e-06
175 2.558765e-06
176 1.246827e-06
177 7.329763e-09
178 1.393311e-06
179 5.250450e-06
180 8.342773e-06
181 7.658425e-06
182 4.150942e-06
183 1.255265e-06
184 3.062360e-07
185 4.256074e-07
186 1.641950e-06
187 3.776749e-06
188 4.407421e-06
189 2.182669e-06
190 3.253910e-08
191 1.995478e-06
192 8.080455e-06
193 1.406711e-05
194 1.573403e-05
195 1.247230e-05
196 7.009860e-06
197 2.616675e-06
198 5.323366e-07
199 1.628534e-08

0 2.652386e-06
1 2.721228e-06
2 3.001954e-06
3 3.124462e-06
4 2.834558e-06
5 2.133395e-06
6 1.267008e-06
7 5.485101e-07
8 1.388417e-07
9 1.198174e-09
10 1.291578e-07
11 9.013325e-07
12 3.180463e-06
13 7.195191e-06
14 1.067581e-05
15 1.015943e-05
16 5.632958e-06
17 1.282297e-06
18 1.919192e-12
19 2.976953e-07
20 1.264618e-07
21 1.234717e-07
22 1.298199e-06
23 2.481839e-06
24 1.955482e-06
25 2.985369e-07
26 6.330027e-07
27 5.051772e-06
28 1.105306e-05
29 1.329051e-05
30 9.838351e-06
31 4.480058e-06
32 1.246828e-06
33 3.765229e-07
34 6.982518e-07
35 2.970847e-06
36 9.009691e-06
37 1.829799e-05
38 2.651853e-05
39 2.822387e-05
40 2.184267e-05
41 1.167326e-05
42 3.785416e-06
43 4.797151e-07
44 1.110607e-08
45 2.760298e-07
46 7.096131e-07
47 1.631713e-06
48 3.277495e-06
49 4.956792e-06
50 5.440021e-06
51 4.491794e-06
52 3.081378e-06
53 2.115237e-06
54 1.775251e-06
55 1.799315e-06
56 1.711872e-06
57 1.078244e-06
58 1.886906e-07
59 2.021533e-07
60 2.006797e-06
61 4.940016e-06
62 6.737215e-06
63 5.681619e-06
64 2.757641e-06
65 5.679350e-07
66 1.577904e-08
67 1.732242e-08
68 7.032745e-07
69 4.070769e-06
70 1.072965e-05
71 1.782203e-05
72 2.118406e-05
73 1.892785e-05
74 1.282080e-05
75 6.495437e-06
76 2.492024e-06
77 9.616051e-07
78 7.184506e-07
79 9.674978e-07
80 9.131994e-07
81 1.322156e-07
82 7.112988e-07
83 5.259616e-06
84 1.175383e-05
85 1.478699e-05
86 1.218279e-05
87 6.918927e-06
88 2.770179e-06
89 8.880901e-07
90 4.295300e-07
91 6.632235e-07
92 1.652215e-06
93 3.263028e-06
94 4.496034e-06
95 4.175424e-06
96 2.488145e-06
97 8.434316e-07
98 1.026468e-07
99 8.577474e-09
100 1.517996e-07
101 5.007185e-07
102 1.202564e-06
103 2.207051e-06
104 3.170589e-06
105 3.800997e-06
106 4.119336e-06
107 4.345618e-06
108 4.668256e-06
109 5.164777e-06
110 5.893313e-06
111 6.946465e-06
112 8.297941e-06
113 9.233179e-06
114 8.529990e-06
115 5.548920e-06
116 1.917158e-06
117 1.257516e-07
118 4.990101e-08
119 9.994862e-10
120 1.273771e-06
121 7.110834e-06
122 1.610108e-05
123 2.116566e-05
124 1.739403e-05
125 8.171678e-06
126 1.180731e-06
127 3.923586e-07
128 3.446167e-06
129 5.757050e-06
130 5.384188e-06
131 3.710961e-06
132 2.664682e-06
133 3.001159e-06
134 5.028292e-06
135 8.470343e-06
136 1.160346e-05
137 1.230175e-05
138 1.003867e-05
139 6.177140e-06
140 2.619171e-06
141 5.797076e-07
142 1.377932e-08
143 1.893779e-08
144 2.640454e-09
145 3.151535e-07
146 1.284562e-06
147 2.354338e-06
148 2.945979e-06
149 3.288366e-06
150 3.898198e-06
151 4.771539e-06
152 5.150110e-06
153 4.257559e-06
154 2.475541e-06
155 1.018859e-06
156 4.414079e-07
157 5.842850e-07
158 1.815447e-06
159 5.046247e-06
160 1.000701e-05
161 1.435186e-05
162 1.542436e-05
163 1.283348e-05
164 8.781653e-06
165 5.785879e-06
166 4.863725e-06
167 5.989695e-06
168 8.487814e-06
169 1.021688e-05
170 8.669405e-06
171 4.286495e-06
172 6.278745e-07
173 2.416850e-07
174 1.892316e-06
175 2.558767e-06
176 1.246828e-06
177 7.329868e-09
178 1.393310e-06
179 5.250447e-06
180 8.342770e-06
181 7.658422e-06
182 4.150939e-06
183 1.255263e-06
184 3.062353e-07
185 4.256066e-07
186 1.641948e-06
187 3.776747e-06
188 4.407419e-06
189 2.182667e-06
190 3.253887e-08
191 1.995480e-06
192 8.080458e-06
193 1.406711e-05
194 1.573403e-05
195 1.247230e-05
196 7.009863e-06
197 2.616677e-06
198 5.323375e-07
199 1.628550e-08

0 2.652386e-06
1 2.721229e-06
2 3.001954e-06
3 3.124462e-06
4 2.834559e-06
5 2.133396e-06
6 1.267009e-06
7 5.485104e-07
8 1.388418e-07
9 1.198189e-09
10 1.291577e-07
11 9.013321e-07
12 3.180463e-06
13 7.195190e-06
14 1.067581e-05
15 1.015942e-05
16 5.632957e-06
17 1.282296e-06
18 1.918576e-12
19 2.976956e-07
20 1.264619e-07
21 1.234715e-07
22 1.298198e-06
23 2.481838e-06
24 1.955481e-06
25 2.985367e-07
26 6.330030e-07
27 5.051773e-06
28 1.105306e-05
29 1.329051e-05
30 9.838353e-06
31 4.480059e-06
32 1.246829e-06
33 3.765232e-07
34 6.982522e-07
35 2.970848e-06
36 9.009692e-06
37 1.829799e-05
38 2.651853e-05
39 2.822388e-05
40 2.184268e-05
41 1.167326e-05
42 3.785417e-06
43 4.797154e-07
44 1.110602e-08
45 2.760295e-07
46 7.096127e-07
47 1.631713e-06
48 3.277494e-06
49 4.956791e-06
50 5.440020e-06
51 4.491793e-06
52 3.081377e-06
53 2.115236e-06
54 1.775250e-06
55 1.799314e-06
56 1.711872e-06
57 1.078244e-06
58 1.886904e-07
59 2.021535e-07
60 2.006798e-06
61 4.940017e-06
62 6.737217e-06
63 5.681620e-06
64 2.757642e-06
65 5.679354e-07
66 1.577910e-08
67 1.732247e-08
68 7.032749e-07
69 4.070770e-06
70 1.072965e-05
71 1.782203e-05
72 2.118406e-05
73 1.892785e-05
74 1.282080e-05
75 6.495438e-06
76 2.492025e-06
77 9.616055e-07
78 7.184510e-07
79 9.674982e-07
80 9.131998e-07
81 1.322158e-07
82 7.112985e-07
83 5.259615e-06
84 1.175382e-05
85 1.478699e-05
86 1.218279e-05
87 6.918926e-06
88 2.770178e-06
89 8.880897e-07
90 4.295297e-07
91 6.632231e-07
92 1.652215e-06
93 3.263027e-06
94 4.496033e-06
95 4.175423e-06
96 2.488144e-06
97 8.434312e-07
98 1.026466e-07
99 8.577515e-09
100 1.517997e-07
101 5.007188e-07
102 1.202564e-06
103 2.207052e-06
104 3.170589e-06
105 3.800998e-06
106 4.119337e-06
107 4.345619e-06
108 4.668257e-06
109 5.164778e-06
110 5.893314e-06
111 6.946466e-06
112 8.297942e-06
113 9.233180e-06
114 8.529991e-06
115 5.548921e-06
116 1.917158e-06
117 1.257517e-07
118 4.990091e-08
119 9.995002e-10
120 1.273772e-06
121 7.110835e-06
122 1.610108e-05
123 2.116566e-05
124 1.739403e-05
125 8.171679e-06
126 1.180732e-06
127 3.923583e-07
128 3.446166e-06
129 5.757049e-06
130 5.384187e-06
131 3.710960e-06
132 2.664681e-06
133 3.001158e-06
134 5.028291e-06
135 8.470342e-06
136 1.160346e-05
137 1.230175e-05
138 1.003866e-05
139 6.177139e-06
140 2.619170e-06
141 5.797073e-07
142 1.377927e-08
143 1.893785e-08
144 2.640431e-09
145 3.151533e-07
146 1.284562e-06
147 2.354338e-06
148 2.945978e-06
149 3.288366e-06
150 3.898197e-06
151 4.771538e-06
152 5.150109e-06
153 4.257558e-06
154 2.475541e-06
155 1.018858e-06
156 4.414076e-07
157 5.842846e-07
158 1.815447e-06
159 5.046246e-06
160 1.000701e-05
161 1.435186e-05
162 1.542435e-05
163 1.283348e-05
164 8.781651e-06
165 5.785878e-06
166 4.863724e-06
167 5.989694e-06
168 8.487813e-06
169 1.021688e-05
170 8.669404e-06
171 4.286495e-06
172 6.278742e-07
173 2.416852e-07
174 1.892316e-06
175 2.558768e-06
176 1.246829e-06
177 7.329907e-09
178 1.393309e-06
179 5.250446e-06
180 8.342769e-06
181 7.658420e-06
182 4.150938e-06
183 1.255263e-06
184 3.062351e-07
185 4.256064e-07
186 1.641948e-06
187 3.776746e-06
188 4.407418e-06
189 2.182667e-06
190 3.253879e-08
191 1.995481e-06
192 8.080459e-06
193 1.406711e-05
194 1.573403e-05
195 1.247230e-05
196 7.009865e-06
197 2.616678e-06
198 5.323379e-07
199 1.628556e-08

0 2.652387e-06
1 2.721229e-06
2 3.001955e-06
3 3.124463e-06
4 2.834559e-06
5 2.133396e-06
6 1.267009e-06
7 5.485105e-07
8 1.388419e-07
9 1.198195e-09
10 1.291576e-07
11 9.013320e-07
12 3.180462e-06
13 7.195190e-06
14 1.067581e-05
15 1.015942e-05
16 5.632957e-06
17 1.282296e-06
18 1.918353e-12
19 2.976957e-07
20 1.264620e-07
21 1.234715e-07
22 1.298198e-06
23 2.481838e-06
24 1.955481e-06
25 2.985366e-07
26 6.330032e-07
27 5.051773e-06
28 1.105306e-05
29 1.329051e-05
30 9.838353e-06
31 4.480059e-06
32 1.246829e-06
33 3.765233e-07
34 6.982524e-07
35 2.970849e-06
36 9.009692e-06
37 1.829799e-05
38 2.651853e-05
39 2.822388e-05
40 2.184268e-05
41 1.167326e-05
42 3.785418e-06
43 4.797155e-07
44 1.110601e-08
45 2.760294e-07
46 7.096126e-07
47 1.631713e-06
48 3.277494e-06
49 4.956790e-06
50 5.440020e-06
51 4.491793e-06
52 3.081377e-06
53 2.115236e-06
54 1.775250e-06
55 1.799314e-06
56 1.711871e-06
57 1.078244e-06
58 1.886904e-07
59 2.021536e-07
60 2.006798e-06
61 4.940017e-06
62 6.737217e-06
63 5.681620e-06
64 2.757642e-06
65 5.679355e-07
66 1.577912e-08
67 1.732250e-08
68 7.032750e-07
69 4.070770e-06
70 1.072965e-05
71 1.782203e-05
72 2.118406e-05
73 1.892785e-05
74 1.282080e-05
75 6.495438e-06
76 2.492025e-06
77 9.616057e-07
78 7.184511e-07
79 9.674984e-07
80 9.131999e-07
81 1.322158e-07
82 7.112983e-07
83 5.259615e-06
84 1.175382e-05
85 1.478699e-05
86 1.218279e-05
87 6.918925e-06
88 2.770178e-06
89 8.880896e-07
90 4.295296e-07
91 6.632230e-07
92 1.652215e-06
93 3.263027e-06
94 4.496033e-06
95 4.175422e-06
96 2.488144e-06
97 8.434311e-07
98 1.026466e-07
99 8.577530e-09
100 1.517998e-07
101 5.007189e-07
102 1.202564e-06
103 2.207052e-06
104 3.170590e-06
105 3.800998e-06
106 4.119337e-06
107 4.345620e-06
108 4.668257e-06
109 5.164779e-06
110 5.893314e-06
111 6.946466e-06
112 8.297943e-06
113 9.233181e-06
114 8.529992e-06
115 5.548922e-06
116 1.917159e-06
117 1.257518e-07
118 4.990088e-08
119 9.995053e-10
120 1.273772e-06
121 7.110835e-06
122 1.610108e-05
123 2.116566e-05
124 1.739403e-05
125 8.171679e-06
126 1.180732e-06
127 3.923582e-07
128 3.446165e-06
129 5.757049e-06
130 5.384187e-06
131 3.710959e-06
132 2.664681e-06
133 3.001158e-06
134 5.028291e-06
135 8.470341e-06
136 1.160346e-05
137 1.230175e-05
138 1.003866e-05
139 6.177139e-06
140 2.619170e-06
141 5.797072e-07
142 1.377925e-08
143 1.893788e-08
144 2.640423e-09
145 3.151532e-07
146 1.284562e-06
147 2.354337e-06
148 2.945978e-06
149 3.288365e-06
150 3.898196e-06
151 4.771538e-06
152 5.150108e-06
153 4.257558e-06
154 2.475541e-06
155 1.018858e-06
156 4.414075e-07
157 5.842845e-07
158 1.815446e-06
159 5.046246e-06
160 1.000700e-05
161 1.435186e-05
162 1.542435e-05
163 1.283348e-05
164 8.781651e-06
165 5.785877e-06
166 4.863723e-06
167 5.989694e-06
168 8.487812e-06
169 1.021688e-05
170 8.669403e-06
171 4.286494e-06
172 6.278741e-07
173 2.416853e-07
174 1.892317e-06
175 2.558768e-06
176 1.246829e-06
177 7.329920e-09
178 1.393309e-06
179 5.250445e-06
180 8.342768e-06
181 7.658420e-06
182 4.150938e-06
183 1.255263e-06
184 3.062350e-07
185 4.256062e-07
186 1.641948e-06
187 3.776745e-06
188 4.407418e-06
189 2.182667e-06
190 3.253876e-08
191 1.995481e-06
192 8.080460e-06
193 1.406711e-05
194 1.573403e-05
195 1.247230e-05
196 7.009865e-06
197 2.616678e-06
198 5.323380e-07
199 1.628558e-08

0 2.652387e-06
1 2.721230e-06
2 3.001955e-06
3 3.124463e-06
4 2.834559e-06
5 2.133396e-06
6 1.267009e-06
7 5.485106e-07
8 1.388419e-07
9 1.198197e-09
10 1.291576e-07
11 9.013319e-07
12 3.180462e-06
13 7.195189e-06
14 1.067580e-05
15 1.015942e-05
16 5.632956e-06
17 1.282296e-06
18 1.918271e-12
19 2.976957e-07
20 1.264620e-07
21 1.234714e-07
22 1.298198e-06
23 2.481838e-06
24 1.955481e-06
25 2.985366e-07
26 6.330032e-07
27 5.051773e-06
28 1.105306e-05
29 1.329051e-05
30 9.838354e-06
31 4.480059e-06
32 1.246829e-06
33 3.765233e-07
34 6.982524e-07
35 2.970849e-06
36 9.009693e-06
37 1.829799e-05
38 2.651853e-05
39 2.822388e-05
40 2.184268e-05
41 1.167326e-05
42 3.785418e-06
43 4.797155e-07
44 1.110600e-08
45 2.760294e-07
46 7.096125e-07
47 1.631712e-06
48 3.277494e-06
49 4.956790e-06
50 5.440020e-06
51 4.491793e-06
52 3.081377e-06
53 2.115236e-06
54 1.775250e-06
55 1.799314e-06
56 1.711871e-06
57 1.078243e-06
58 1.886903e-07
59 2.021536e-07
60 2.006798e-06
61 4.940017e-06
62 6.737217e-06
63 5.681620e-06
64 2.757642e-06
65 5.679355e-07
66 1.577912e-08
67 1.732250e-08
68 7.032751e-07
69 4.070770e-06
70 1.072965e-05
71 1.782203e-05
72 2.118406e-05
73 1.892785e-05
74 1.282080e-05
75 6.495438e-06
76 2.492025e-06
77 9.616057e-07
78 7.184512e-07
79 9.674984e-07
80 9.132000e-07
81 1.322159e-07
82 7.112983e-07
83 5.259615e-06
84 1.175382e-05
85 1.478699e-05
86 1.218279e-05
87 6.918925e-06
88 2.770177e-06
89 8.880895e-07
90 4.295295e-07
91 6.632230e-07
92 1.652215e-06
93 3.263027e-06
94 4.496033e-06
95 4.175422e-06
96 2.488143e-06
97 8.434310e-07
98 1.026466e-07
99 8.577535e-09
100 1.517998e-07
101 5.007190e-07
102 1.202564e-06
103 2.207052e-06
104 3.170590e-06
105 3.800999e-06
106 4.119337e-06
107 4.345620e-06
108 4.668257e-06
109 5.164779e-06
110 5.893315e-06
111 6.946466e-06
112 8.297943e-06
113 9.233181e-06
114 8.529992e-06
115 5.548922e-06
116 1.917159e-06
117 1.257518e-07
118 4.990087e-08
119 9.995072e-10
120 1.273772e-06
121 7.110835e-06
122 1.610108e-05
123 2.116566e-05
124 1.739403e-05
125 8.171680e-06
126 1.180732e-06
127 3.923582e-07
128 3.446165e-06
129 5.757048e-06
130 5.384187e-06
131 3.710959e-06
132 2.664681e-06
133 3.001158e-06
134 5.028291e-06
135 8.470341e-06
136 1.160346e-05
137 1.230175e-05
138 1.003866e-05
139 6.177139e-06
140 2.619170e-06
141 5.797071e-07
142 1.377924e-08
143 1.893788e-08
144 2.640420e-09
145 3.151531e-07
146 1.284562e-06
147 2.354337e-06
148 2.945978e-06
149 3.288365e-06
150 3.898196e-06
151 4.771538e-06
152 5.150108e-06
153 4.257558e-06
154 2.475540e-06
155 1.018858e-06
156 4.414075e-07
157 5.842845e-07
158 1.815446e-06
159 5.046246e-06
160 1.000700e-05
161 1.435186e-05
162 1.542435e-05
163 1.283348e-05
164 8.781651e-06
165 5.785877e-06
166 4.863723e-06
167 5.989693e-06
168 8.487812e-06
169 1.021688e-05
170 8.669403e-06
171 4.286494e-06
172 6.278740e-07
173 2.416853e-07
174 1.892317e-06
175 2.558768e-06
176 1.246829e-06
177 7.329925e-09
178 1.393309e-06
179 5.250445e-06
180 8.342768e-06
181 7.658420e-06
182 4.150938e-06
183 1.255263e-06
184 3.062350e-07
185 4.256062e-07
186 1.641948e-06
187 3.776745e-06
188 4.407417e-06
189 2.182666e-06
190 3.253875e-08
191 1.995481e-06
192 8.080460e-06
193 1.406711e-05
194 1.573403e-05
195 1.247230e-05
196 7.009865e-06
197 2.616678e-06
198 5.323380e-07
199 1.628558e-08

0 2.652387e-06
1 2.721230e-06
2 3.001955e-06
3 3.124463e-06
4 2.834559e-06
5 2.133396e-06
6 1.267009e-06
7 5.485106e-07
8 1.388419e-07
9 1.198198e-09
10 1.291576e-07
11 9.013319e-07
12 3.180462e-06
13 7.195189e-06
14 1.067580e-05
15 1.015942e-05
16 5.632956e-06
17 1.282296e-06
18 1.918242e-12
19 2.976957e-07
20 1.264620e-07
21 1.234714e-07
22 1.298198e-06
23 2.481838e-06
24 1.955481e-06
25 2.985366e-07
26 6.330032e-07
27 5.051773e-06
28 1.105306e-05
29 1.329051e-05
30 9.838354e-06
31 4.480059e-06
32 1.246829e-06
33 3.765234e-07
34 6.982524e-07
35 2.970849e-06
36 9.009693e-06
37 1.829799e-05
38 2.651853e-05
39 2.822388e-05
40 2.184268e-05
41 1.167326e-05
42 3.785418e-06
43 4.797155e-07
44 1.110600e-08
45 2.760294e-07
46 7.096125e-07
47 1.631712e-06
48 3.277494e-06
49 4.956790e-06
50 5.440020e-06
51 4.491793e-06
52 3.081377e-06
53 2.115236e-06
54 1.775250e-06
55 1.799314e-06
56 1.711871e-06
57 1.078243e-06
58 1.886903e-07
59 2.021536e-07
60 2.006798e-06
61 4.940017e-06
62 6.737217e-06
63 5.681620e-06
64 2.757642e-06
65 5.679356e-07
66 1.577913e-08
67 1.732251e-08
68 7.032751e-07
69 4.070770e-06
70 1.072965e-05
71 1.782203e-05
72 2.118406e-05
73 1.892785e-05
74 1.282080e-05
75 6.495438e-06
76 2.492025e-06
77 9.616058e-07
78 7.184512e-07
79 9.674985e-07
80 9.132000e-07
81 1.322159e-07
82 7.112983e-07
83 5.259615e-06
84 1.175382e-05
85 1.478699e-05
86 1.218279e-05
87 6.918925e-06
88 2.770177e-06
89 8.880895e-07
90 4.295295e-07
91 6.632229e-07
92 1.652215e-06
93 3.263027e-06
94 4.496033e-06
95 4.175422e-06
96 2.488143e-06
97 8.434310e-07
98 1.026466e-07
99 8.577537e-09
100 1.517998e-07
101 5.007190e-07
102 1.202564e-06
103 2.207052e-06
104 3.170590e-06
105 3.800999e-06
106 4.119337e-06
107 4.345620e-06
108 4.668257e-06
109 5.164779e-06
110 5.893315e-06
111 6.946466e-06
112 8.297943e-06
113 9.233181e-06
114 8.529992e-06
115 5.548922e-06
116 1.917159e-06
117 1.257518e-07
118 4.990086e-08
119 9.995078e-10
120 1.273772e-06
121 7.110836e-06
122 1.610108e-05
123 2.116566e-05
124 1.739403e-05
125 8.171680e-06
126 1.180732e-06
127 3.923582e-07
128 3.446165e-06
129 5.757048e-06
130 5.384187e-06
131 3.710959e-06
132 2.664681e-06
133 3.001158e-06
134 5.028291e-06
135 8.470341e-06
136 1.160346e-05
137 1.230175e-05
138 1.003866e-05
139 6.177139e-06
140 2.619170e-06
141 5.797071e-07
142 1.377924e-08
143 1.893789e-08
144 2.640419e-09
145 3.151531e-07
146 1.284562e-06
147 2.354337e-06
148 2.945977e-06
149 3.288365e-06
150 3.898196e-06
151 4.771538e-06
152 5.150108e-06
153 4.257558e-06
154 2.475540e-06
155 1.018858e-06
156 4.414074e-07
157 5.842844e-07
158 1.815446e-06
159 5.046246e-06
160 1.000700e-05
161 1.435186e-05
162 1.542435e-05
163 1.283348e-05
164 8.781651e-06
165 5.785877e-06
166 4.863723e-06
167 5.989693e-06
168 8.487812e-06
169 1.021688e-05
170 8.669403e-06
171 4.286494e-06
172 6.278740e-07
173 2.416853e-07
174 1.892317e-06
175 2.558768e-06
176 1.246829e-06
177 7.329927e-09
178 1.393309e-06
179 5.250445e-06
180 8.342768e-06
181 7.658420e-06
182 4.150938e-06
183 1.255263e-06
184 3.062350e-07
185 4.256062e-07
186 1.641948e-06
187 3.776745e-06
188 4.407417e-06
189 2.182666e-06
190 3.253875e-08
191 1.995481e-06
192 8.080460e-06
193 1.406711e-05
194 1.573403e-05
195 1.247230e-05
196 7.009865e-06
197 2.616678e-06
198 5.323380e-07
199 1.628559e-08

0 2.652387e-06
1 2.721230e-06
2 3.001955e-06
3 3.124463e-06
4 2.834559e-06
5 2.133396e-06
6 1.267009e-06
7 5.485106e-07
8 1.388419e-07
9 1.198198e-09
10 1.291576e-07
11 9.013319e-07
12 3.180462e-06
13 7.195189e-06
14 1.067580e-05
15 1.015942e-05
16 5.632956e-06
17 1.282296e-06
18 1.918231e-12
19 2.976957e-07
20 1.264620e-07
21 1.234714e-07
22 1.298198e-06
23 2.481838e-06
24 1.955481e-06
25 2.985366e-07
26 6.330032e-07
27 5.051773e-06
28 1.105306e-05
29 1.329051e-05
30 9.838354e-06
31 4.480059e-06
32 1.246829e-06
33 3.765234e-07
34 6.982524e-07
35 2.970849e-06
36 9.009693e-06
37 1.829799e-05
38 2.651853e-05
39 2.822388e-05
40 2.184268e-05
41 1.167326e-05
42 3.785418e-06
43 4.797155e-07
44 1.110600e-08
45 2.760294e-07
46 7.096125e-07
47 1.631712e-06
48 3.277494e-06
49 4.956790e-06
50 5.440020e-06
51 4.491793e-06
52 3.081377e-06
53 2.115236e-06
54 1.775250e-06
55 1.799314e-06
56 1.711871e-06
57 1.078243e-06
58 1.886903e-07
59 2.021536e-07
60 2.006798e-06
61 4.940017e-06
62 6.737217e-06
63 5.681620e-06
64 2.757642e-06
65 5.679356e-07
66 1.577913e-08
67 1.732251e-08
68 7.032751e-07
69 4.070770e-06
70 1.072965e-05
71 1.782203e-05
72 2.118406e-05
73 1.892785e-05
74 1.282080e-05
75 6.495438e-06
76 2.492025e-06
77 9.616058e-07
78 7.184512e-07
79 9.674985e-07
80 9.132000e-07
81 1.322159e-07
82 7.112983e-07
83 5.259615e-06
84 1.175382e-05
85 1.478699e-05
86 1.218279e-05
87 6.918925e-06
88 2.770177e-06
89 8.880895e-07
90 4.295295e-07
91 6.632229e-07
92 1.652215e-06
93 3.263027e-06
94 4.496033e-06
95 4.175422e-06
96 2.488143e-06
97 8.434310e-07
98 1.026465e-07
99 8.577538e-09
100 1.517998e-07
101 5.007190e-07
102 1.202564e-06
103 2.207052e-06
104 3.170590e-06
105 3.800999e-06
106 4.119337e-06
107 4.345620e-06
108 4.668257e-06
109 5.164779e-06
110 5.893315e-06
111 6.946466e-06
112 8.297943e-06
113 9.233181e-06
114 8.529992e-06
115 5.548922e-06
116 1.917159e-06
117 1.257518e-07
118 4.990086e-08
119 9.995081e-10
120 1.273772e-06
121 7.110836e-06
122 1.610108e-05
123 2.116566e-05
124 1.739403e-05
125 8.171680e-06
126 1.180732e-06
127 3.923582e-07
128 3.446165e-06
129 5.757048e-06
130 5.384187e-06
131 3.710959e-06
132 2.664681e-06
133 3.001158e-06
134 5.028290e-06
135 8.470341e-06
136 1.160346e-05
137 1.230175e-05
138 1.003866e-05
139 6.177139e-06
140 2.619170e-06
141 5.797071e-07
142 1.377924e-08
143 1.893789e-08
144 2.640418e-09
145 3.151531e-07
146 1.284562e-06
147 2.354337e-06
148 2.945977e-06
149 3.288365e-06
150 3.898196e-06
151 4.771538e-06
152 5.150108e-06
153 4.257558e-06
154 2.475540e-06
155 1.018858e-06
156 4.414074e-07
157 5.842844e-07
158 1.815446e-06
159 5.046246e-06
160 1.000700e-05
161 1.435186e-05
162 1.542435e-05
163 1.283348e-05
164 8.781651e-06
165 5.785877e-06
166 4.863723e-06
167 5.989693e-06
168 8.487812e-06
169 1.021688e-05
170 8.669403e-06
171 4.286494e-06
172 6.278740e-07
173 2.416853e-07
174 1.892317e-06
175 2.558768e-06
176 1.246829e-06
177 7.329928e-09
178 1.393309e-06
179 5.250445e-06
180 8.342768e-06
181 7.658420e-06
182 4.150938e-06
183 1.255263e-06
184 3.062350e-07
185 4.256062e-07
186 1.641948e-06
187 3.776745e-06
188 4.407417e-06
189 2.182666e-06
190 3.253875e-08
191 1.995481e-06
192 8.080460e-06
193 1.406711e-05
194 1.573403e-05
195 1.247230e-05
196 7.009865e-06
197 2.616678e-06
198 5.323380e-07
199 1.628559e-08

0 2.652387e-06
1 2.721230e-06
2 3.001955e-06
3 3.124463e-06
4 2.834559e-06
5 2.133396e-06
6 1.267009e-06
7 5.485106e-07
8 1.388419e-07
9 1.198198e-09
10 1.291576e-07
11 9.013319e-07
12 3.180462e-06
13 7.195189e-06
14 1.067580e-05
15 1.015942e-05
16 5.632956e-06
17 1.282296e-06
18 1.918227e-12
19 2.976957e-07
20 1.264620e-07
21 1.234714e-07
22 1.298198e-06
23 2.481838e-06
24 1.955481e-06
25 2.985366e-07
26 6.330032e-07
27 5.051773e-06
28 1.105306e-05
29 1.329051e-05
30 9.838354e-06
31 4.480059e-06
32 1.246829e-06
33 3.765234e-07
34 6.982524e-07
35 2.970849e-06
36 9.009693e-06
37 1.829799e-05
38 2.651853e-05
39 2.822388e-05
40 2.184268e-05
41 1.167326e-05
42 3.785418e-06
43 4.797155e-07
44 1.110600e-08
45 2.760294e-07
46 7.096125e-07
47 1.631712e-06
48 3.277494e-06
49 4.956790e-06
50 5.440020e-06
51 4.491793e-06
52 3.081377e-06
53 2.115236e-06
54 1.775250e-06
55 1.799314e-06
56 1.711871e-06
57 1.078243e-06
58 1.886903e-07
59 2.021536e-07
60 2.006798e-06
61 4.940017e-06
62 6.737217e-06
63 5.681620e-06
64 2.757642e-06
65 5.679356e-07
66 1.577913e-08
67 1.732251e-08
68 7.032751e-07
69 4.070770e-06
70 1.072965e-05
71 1.782203e-05
72 2.118406e-05
73 1.892785e-05
74 1.282080e-05
75 6.495438e-06
76 2.492025e-06
77 9.616058e-07
78 7.184512e-07
79 9.674985e-07
80 9.132000e-07
81 1.322159e-07
82 7.112983e-07
83 5.259615e-06
84 1.175382e-05
85 1.478699e-05
86 1.218279e-05
87 6.918925e-06
88 2.770177e-06
89 8.880895e-07
90 4.295295e-07
91 6.632229e-07
92 1.652215e-06
93 3.263027e-06
94 4.496033e-06
95 4.175422e-06
96 2.488143e-06
97 8.434310e-07
98 1.026465e-07
99 8.577538e-09
100 1.517998e-07
101 5.007190e-07
102 1.202564e-06
103 2.207052e-06
104 3.170590e-06
105 3.800999e-06
106 4.119337e-06
107 4.345620e-06
108 4.668257e-06
109 5.164779e-06
110 5.893315e-06
111 6.946466e-06
112 8.297943e-06
113 9.233181e-06
114 8.529992e-06
115 5.548922e-06
116 1.917159e-06
117 1.257518e-07
118 4.990086e-08
119 9.995082e-10
120 1.273772e-06
121 7.110836e-06
122 1.610108e-05
123 2.116566e-05
124 1.739403e-05
125 8.171680e-06
126 1.180732e-06
127 3.923582e-07
128 3.446165e-06
129 5.757048e-06
130 5.384187e-06
131 3.710959e-06
132 2.664681e-06
133 3.001158e-06
134 5.028290e-06
135 8.470341e-06
136 1.160346e-05
137 1.230175e-05
138 1.003866e-05
139 6.177139e-06
140 2.619170e-06
141 5.797071e-07
142 1.377924e-08
143 1.893789e-08
144 2.640418e-09
145 3.151531e-07
146 1.284562e-06
147 2.354337e-06
148 2.945977e-06
149 3.288365e-06
150 3.898196e-06
151 4.771538e-06
152 5.150108e-06
153 4.257558e-06
154 2.475540e-06
155 1.018858e-06
156 4.414074e-07
157 5.842844e-07
158 1.815446e-06
159 5.046246e-06
160 1.000700e-05
161 1.435186e-05
162 1.542435e-05
163 1.283348e-05
164 8.781651e-06
165 5.785877e-06
166 4.863723e-06
167 5.989693e-06
168 8.487812e-06
169 1.021688e-05
170 8.669403e-06
171 4.286494e-06
172 6.278740e-07
173 2.416853e-07
174 1.892317e-06
175 2.558768e-06
176 1.246829e-06
177 7.329928e-09
178 1.393309e-06
179 5.250445e-06
180 8.342768e-06
181 7.658420e-06
182 4.150938e-06
183 1.255263e-06
184 3.062350e-07
185 4.256062e-07
186 1.641948e-06
187 3.776745e-06
188 4.407417e-06
189 2.182666e-06
190 3.253875e-08
191 1.995481e-06
192 8.080460e-06
193 1.406711e-05
194 1.573403e-05
195 1.247230e-05
196 7.009865e-06
197 2.616678e-06
198 5.323380e-07
199 1.628559e-08

0 2.652387e-06
1 2.721230e-06
2 3.001955e-06
3 3.124463e-06
4 2.834559e-06
5 2.133396e-06
6 1.267009e-06
7 5.485106e-07
8 1.388419e-07
9 1.198198e-09
10 1.291576e-07
11 9.013319e-07
12 3.180462e-06
13 7.195189e-06
14 1.067580e-05
15 1.015942e-05
16 5.632956e-06
17 1.282296e-06
18 1.918226e-12
19 2.976957e-07
20 1.264620e-07
21 1.234714e-07
22 1.298198e-06
23 2.481838e-06
24 1.955481e-06
25 2.985366e-07
26 6.330032e-07
27 5.051773e-06
28 1.105306e-05
29 1.329051e-05
30 9.838354e-06
31 4.480059e-06
32 1.246829e-06
33 3.765234e-07
34 6.982524e-07
35 2.970849e-06
36 9.009693e-06
37 1.829799e-05
38 2.651853e-05
39 2.822388e-05
40 2.184268e-05
41 1.167326e-05
42 3.785418e-06
43 4.797155e-07
44 1.110600e-08
45 2.760294e-07
46 7.096125e-07
47 1.631712e-06
48 3.277494e-06
49 4.956790e-06
50 5.440020e-06
51 4.491793e-06
52 3.081376e-06
53 2.115236e-06
54 1.775250e-06
55 1.799314e-06
56 1.711871e-06
57 1.078243e-06
58 1.886903e-07
59 2.021536e-07
60 2.006798e-06
61 4.940017e-06
62 6.737217e-06
63 5.681620e-06
64 2.757642e-06
65 5.679356e-07
66 1.577913e-08
67 1.732251e-08
68 7.032751e-07
69 4.070770e-06
70 1.072965e-05
71 1.782203e-05
72 2.118406e-05
73 1.892785e-05
74 1.282080e-05
75 6.495438e-06
76 2.492025e-06
77 9.616058e-07
78 7.184512e-07
79 9.674985e-07
80 9.132000e-07
81 1.322159e-07
82 7.112983e-07
83 5.259615e-06
84 1.175382e-05
85 1.478699e-05
86 1.218279e-05
87 6.918925e-06
88 2.770177e-06
89 8.880895e-07
90 4.295295e-07
91 6.632229e-07
92 1.652215e-06
93 3.263027e-06
94 4.496033e-06
95 4.175422e-06
96 2.488143e-06
97 8.434310e-07
98 1.026465e-07
99 8.577538e-09
100 1.517998e-07
101 5.007190e-07
102 1.202564e-06
103 2.207052e-06
104 3.170590e-06
105 3.800999e-06
106 4.119337e-06
107 4.345620e-06
108 4.668257e-06
109 5.164779e-06
110 5.893315e-06
111 6.946466e-06
112 8.297943e-06
113 9.233181e-06
114 8.529992e-06
115 5.548922e-06
116 1.917159e-06
117 1.257518e-07
118 4.990086e-08
119 9.995082e-10
120 1.273772e-06
121 7.110836e-06
122 1.610108e-05
123 2.116566e-05
124 1.739403e-05
125 8.171680e-06
126 1.180732e-06
127 3.923582e-07
128 3.446165e-06
129 5.757048e-06
130 5.384187e-06
131 3.710959e-06
132 2.664681e-06
133 3.001158e-06
134 5.028290e-06
135 8.470341e-06
136 1.160346e-05
137 1.230175e-05
138 1.003866e-05
139 6.177139e-06
140 2.619170e-06
141 5.797071e-07
142 1.377924e-08
143 1.893789e-08
144 2.640418e-09
145 3.151531e-07
146 1.284562e-06
147 2.354337e-06
148 2.945977e-06
149 3.288365e-06
150 3.898196e-06
151 4.771538e-06
152 5.150108e-06
153 4.257558e-06
154 2.475540e-06
155 1.018858e-06
156 4.414074e-07
157 5.842844e-07
158 1.815446e-06
159 5.046246e-06
160 1.000700e-05
161 1.435186e-05
162 1.542435e-05
163 1.283348e-05
164 8.781651e-06
165 5.785877e-06
166 4.863723e-06
167 5.989693e-06
168 8.487812e-06
169 1.021688e-05
170 8.669403e-06
171 4.286494e-06
172 6.278740e-07
173 2.416853e-07
174 1.892317e-06
175 2.558768e-06
176 1.246829e-06
177 7.329928e-09
178 1.393309e-06
179 5.250445e-06
180 8.342768e-06
181 7.658420e-06
182 4.150938e-06
183 1.255263e-06
184 3.062350e-07
185 4.256062e-07
186 1.641948e-06
187 3.776745e-06
188 4.407417e-06
189 2.182666e-06
190 3.253875e-08
191 1.995481e-06
192 8.080460e-06
193 1.406711e-05
194 1.573403e-05
195 1.247230e-05
196 7.009865e-06
197 2.616678e-06
198 5.323380e-07
199 1.628559e-08

0 2.652387e-06
1 2.721230e-06
2 3.001955e-06
3 3.124463e-06
4 2.834559e-06
5 2.133396e-06
6 1.267009e-06
7 5.485106e-07
8 1.388419e-07
9 1.198198e-09
10 1.291576e-07
11 9.013319e-07
12 3.180462e-06
13 7.195189e-06
14 1.067580e-05
15 1.015942e-05
16 5.632956e-06
17 1.282296e-06
18 1.918225e-12
19 2.976957e-07
20 1.264620e-07
21 1.234714e-07
22 1.298198e-06
23 2.481838e-06
24 1.955481e-06
25 2.985366e-07
26 6.330032e-07
27 5.051773e-06
28 1.105306e-05
29 1.329051e-05
30 9.838354e-06
31 4.480059e-06
32 1.246829e-06
33 3.765234e-07
34 6.982524e-07
35 2.970849e-06
36 9.009693e-06
37 1.829799e-05
38 2.651853e-05
39 2.822388e-05
40 2.184268e-05
41 1.167326e-05
42 3.785418e-06
43 4.797155e-07
44 1.110600e-08
45 2.760294e-07
46 7.096125e-07
47 1.631712e-06
48 3.277494e-06
49 4.956790e-06
50 5.440020e-06
51 4.491793e-06
52 3.081376e-06
53 2.115236e-06
54 1.775250e-06
55 1.799314e-06
56 1.711871e-06
57 1.078243e-06
58 1.886903e-07
59 2.021536e-07
60 2.006798e-06
61 4.940017e-06
62 6.737217e-06
63 5.681620e-06
64 2.757642e-06
65 5.679356e-07
66 1.577913e-08
67 1.732251e-08
68 7.032751e-07
69 4.070770e-06
70 1.072965e-05
71 1.782203e-05
72 2.118406e-05
73 1.892785e-05
74 1.282080e-05
75 6.495438e-06
76 2.492025e-06
77 9.616058e-07
78 7.184512e-07
79 9.674985e-07
80 9.132000e-07
81 1.322159e-07
82 7.112983e-07
83 5.259615e-06
84 1.175382e-05
85 1.478699e-05
86 1.218279e-05
87 6.918925e-06
88 2.770177e-06
89 8.880895e-07
90 4.295295e-07
91 6.632229e-07
92 1.652215e-06
93 3.263027e-06
94 4.496033e-06
95 4.175422e-06
96 2.488143e-06
97 8.434310e-07
98 1.026465e-07
99 8.577538e-09
100 1.517998e-07
101 5.007190e-07
102 1.202564e-06
103 2.207052e-06
104 3.170590e-06
105 3.800999e-06
106 4.119337e-06
107 4.345620e-06
108 4.668257e-06
109 5.164779e-06
110 5.893315e-06
111 6.946466e-06
112 8.297943e-06
113 9.233181e-06
114 8.529992e-06
115 5.548922e-06
116 1.917159e-06
117 1.257518e-07
118 4.990086e-08
119 9.995082e-10
120 1.273772e-06
121 7.110836e-06
122 1.610108e-05
123 2.116566e-05
124 1.739403e-05
125 8.171680e-06
126 1.180732e-06
127 3.923582e-07
128 3.446165e-06
129 5.757048e-06
130 5.384187e-06
131 3.710959e-06
132 2.664681e-06
133 3.001158e-06
134 5.028290e-06
135 8.470341e-06
136 1.160346e-05
137 1.230175e-05
138 1.003866e-05
139 6.177139e-06
140 2.619170e-06
141 5.797071e-07
142 1.377924e-08
143 1.893789e-08
144 2.640418e-09
145 3.151531e-07
146 1.284562e-06
147 2.354337e-06
148 2.945977e-06
149 3.288365e-06
150 3.898196e-06
151 4.771538e-06
152 5.150108e-06
153 4.257558e-06
154 2.475540e-06
155 1.018858e-06
156 4.414074e-07
157 5.842844e-07
158 1.815446e-06
159 5.046246e-06
160 1.000700e-05
161 1.435186e-05
162 1.542435e-05
163 1.283348e-05
164 8.781651e-06
165 5.785877e-06
166 4.863723e-06
167 5.989693e-06
168 8.487812e-06
169 1.021688e-05
170 8.669403e-06
171 4.286494e-06
172 6.278740e-07
173 2.416853e-07
174 1.892317e-06
175 2.558768e-06
176 1.246829e-06
177 7.329928e-09
178 1.393309e-06
179 5.250445e-06
180 8.342768e-06
181 7.658420e-06
182 4.150938e-06
183 1.255263e-06
184 3.062350e-07
185 4.256062e-07
186 1.641948e-06
187 3.776745e-06
188 4.407417e-06
189 2.182666e-06
190 3.253875e-08
191 1.995481e-06
192 8.080460e-06
193 1.406711e-05
194 1.573403e-05
195 1.247230e-05
196 7.009865e-06
197 2.616678e-06
198 5.323380e-07
199 1.628559e-08

0 2.652387e-06
1 2.721230e-06
2 3.001955e-06
3 3.124463e-06
4 2.834559e-06
5 2.133396e-06
6 1.267009e-06
7 5.485106e-07
8 1.388419e-07
9 1.198198e-09
10 1.291576e-07
11 9.013319e-07
12 3.180462e-06
13 7.195189e-06
14 1.067580e-05
15 1.015942e-05
16 5.632956e-06
17 1.282296e-06
18 1.918225e-12
19 2.976957e-07
20 1.264620e-07
21 1.234714e-07
22 1.298198e-06
23 2.481838e-06
24 1.955481e-06
25 2.985366e-07
26 6.330032e-07
27 5.051773e-06
28 1.105306e-05
29 1.329051e-05
30 9.838354e-06
31 4.480059e-06
32 1.246829e-06
33 3.765234e-07
34 6.982524e-07
35 2.970849e-06
36 9.009693e-06
37 1.829799e-05
38 2.651853e-05
39 2.822388e-05
40 2.184268e-05
41 1.167326e-05
42 3.785418e-06
43 4.797155e-07
44 1.110600e-08
45 2.760294e-07
46 7.096125e-07
47 1.631712e-06
48 3.277494e-06
49 4.956790e-06
50 5.440020e-06
51 4.491793e-06
52 3.081376e-06
53 2.115236e-06
54 1.775250e-06
55 1.799314e-06
56 1.711871e-06
57 1.078243e-06
58 1.886903e-07
59 2.021536e-07
60 2.006798e-06
61 4.940017e-06
62 6.737217e-06
63 5.681620e-06
64 2.757642e-06
65 5.679356e-07
66 1.577913e-08
67 1.732251e-08
68 7.032751e-07
69 4.070770e-06
70 1.072965e-05
71 1.782203e-05
72 2.118406e-05
73 1.892785e-05
74 1.282080e-05
75 6.495438e-06
76 2.492025e-06
77 9.616058e-07
78 7.184512e-07
79 9.674985e-07
80 9.132000e-07
81 1.322159e-07
82 7.112983e-07
83 5.259615e-06
84 1.175382e-05
85 1.478699e-05
86 1.218279e-05
87 6.918925e-06
88 2.770177e-06
89 8.880895e-07
90 4.295295e-07
91 6.632229e-07
92 1.652215e-06
93 3.263027e-06
94 4.496033e-06
95 4.175422e-06
96 2.488143e-06
97 8.434310e-07
98 1.026465e-07
99 8.577538e-09
100 1.517998e-07
101 5.007190e-07
102 1.202564e-06
103 2.207052e-06
104 3.170590e-06
105 3.800999e-06
106 4.119337e-06
107 4.345620e-06
108 4.668257e-06
109 5.164779e-06
110 5.893315e-06
111 6.946466e-06
112 8.297943e-06
113 9.233181e-06
114 8.529992e-06
115 5.548922e-06
116 1.917159e-06
117 1.257518e-07
118 4.990086e-08
119 9.995082e-10
120 1.273772e-06
121 7.110836e-06
122 1.610108e-05
123 2.116566e-05
124 1.739403e-05
125 8.171680e-06
126 1.180732e-06
127 3.923582e-07
128 3.446165e-06
129 5.757048e-06
130 5.384187e-06
131 3.710959e-06
132 2.664681e-06
133 3.001158e-06
134 5.028290e-06
135 8.470341e-06
136 1.160346e-05
137 1.230175e-05
138 1.003866e-05
139 6.177139e-06
140 2.619170e-06
141 5.797071e-07
142 1.377924e-08
143 1.893789e-08
144 2.640418e-09
145 3.151531e-07
146 1.284562e-06
147 2.354337e-06
148 2.945977e-06
149 3.288365e-06
150 3.898196e-06
151 4.771538e-06
152 5.150108e-06
153 4.257558e-06
154 2.475540e-06
155 1.018858e-06
156 4.414074e-07
157 5.842844e-07
158 1.815446e-06
159 5.046246e-06
160 1.000700e-05
161 1.435186e-05
162 1.542435e-05
163 1.283348e-05
164 8.781651e-06
165 5.785877e-06
166 4.863723e-06
167 5.989693e-06
168 8.487812e-06
169 1.021688e-05
170 8.669403e-06
171 4.286494e-06
172 6.278740e-07
173 2.416853e-07
174 1.892317e-06
175 2.558768e-06
176 1.246829e-06
177 7.329928e-09
178 1.393309e-06
179 5.250445e-06
180 8.342768e-06
181 7.658420e-06
182 4.150938e-06
183 1.255263e-06
184 3.062350e-07
185 4.256062e-07
186 1.641948e-06
187 3.776745e-06
188 4.407417e-06
189 2.182666e-06
190 3.253875e-08
191 1.995481e-06
192 8.080460e-06
193 1.406711e-05
194 1.573403e-05
195 1.247230e-05
196 7.009865e-06
197 2.616678e-06
198 5.323380e-07
199 1.628559e-08

0 2.652387e-06
1 2.721230e-06
2 3.001955e-06
3 3.124463e-06
4 2.834559e-06
5 2.133396e-06
6 1.267009e-06
7 5.485106e-07
8 1.388419e-07
9 1.198198e-09
10 1.291576e-07
11 9.013319e-07
12 3.180462e-06
13 7.195189e-06
14 1.067580e-05
15 1.015942e-05
16 5.632956e-06
17 1.282296e-06
18 1.918225e-12
19 2.976957e-07
20 1.264620e-07
21 1.234714e-07
22 1.298198e-06
23 2.481838e-06
24 1.955481e-06
25 2.985366e-07
26 6.330032e-07
27 5.051773e-06
28 1.105306e-05
29 1.329051e-05
30 9.838354e-06
31 4.480059e-06
32 1.246829e-06
33 3.765234e-07
34 6.982524e-07
35 2.970849e-06
36 9.009693e-06
37 1.829799e-05
38 2.651853e-05
39 2.822388e-05
40 2.184268e-05
41 1.167326e-05
42 3.785418e-06
43 4.797155e-07
44 1.110600e-08
45 2.760294e-07
46 7.096125e-07
47 1.631712e-06
48 3.277494e-06
49 4.956790e-06
50 5.440020e-06
51 4.491793e-06
52 3.081376e-06
53 2.115236e-06
54 1.775250e-06
55 1.799314e-06
56 1.711871e-06
57 1.078243e-06
58 1.886903e-07
59 2.021536e-07
60 2.006798e-06
61 4.940017e-06
62 6.737217e-06
63 5.681620e-06
64 2.757642e-06
65 5.679356e-07
66 1.577913e-08
67 1.732251e-08
68 7.032751e-07
69 4.070770e-06
70 1.072965e-05
71 1.782203e-05
72 2.118406e-05
73 1.892785e-05
74 1.282080e-05
75 6.495438e-06
76 2.492025e-06
77 9.616058e-07
78 7.184512e-07
79 9.674985e-07
80 9.132000e-07
81 1.322159e-07
82 7.112983e-07
83 5.259615e-06
84 1.175382e-05
85 1.478699e-05
86 1.218279e-05
87 6.918925e-06
88 2.770177e-06
89 8.880895e-07
90 4.295295e-07
91 6.632229e-07
92 1.652215e-06
93 3.263027e-06
94 4.496033e-06
95 4.175422e-06
96 2.488143e-06
97 8.434310e-07
98 1.026465e-07
99 8.577538e-09
100 1.517998e-07
101 5.007190e-07
102 1.202564e-06
103 2.207052e-06
104 3.170590e-06
105 3.800999e-06
106 4.119337e-06
107 4.345620e-06
108 4.668257e-06
109 5.164779e-06
110 5.893315e-06
111 6.946466e-06
112 8.297943e-06
113 9.233181e-06
114 8.529992e-06
115 5.548922e-06
116 1.917159e-06
117 1.257518e-07
118 4.990086e-08
119 9.995082e-10
120 1.273772e-06
121 7.110836e-06
122 1.610108e-05
123 2.116566e-05
124 1.739403e-05
125 8.171680e-06
126 1.180732e-06
127 3.923582e-07
128 3.446165e-06
129 5.757048e-06
130 5.384187e-06
131 3.710959e-06
132 2.664681e-06
133 3.001158e-06
134 5.028290e-06
135 8.470341e-06
136 1.160346e-05
137 1.230175e-05
138 1.003866e-05
139 6.177139e-06
140 2.619170e-06
141 5.797071e-07
142 1.377924e-08
143 1.893789e-08
144 2.640418e-09
145 3.151531e-07
146 1.284562e-06
147 2.354337e-06
148 2.945977e-06
149 3.288365e-06
150 3.898196e-06
151 4.771538e-06
152 5.150108e-06
153 4.257558e-06
154 2.475540e-06
155 1.018858e-06
156 4.414074e-07
157 5.842844e-07
158 1.815446e-06
159 5.046246e-06
160 1.000700e-05
161 1.435186e-05
162 1.542435e-05
163 1.283348e-05
164 8.781651e-06
165 5.785877e-06
166 4.863723e-06
167 5.989693e-06
168 8.487812e-06
169 1.021688e-05
170 8.669403e-06
171 4.286494e-06
172 6.278740e-07
173 2.416853e-07
174 1.892317e-06
175 2.558768e-06
176 1.246829e-06
177 7.329928e-09
178 1.393309e-06
179 5.250445e-06
180 8.342768e-06
181 7.658420e-06
182 4.150938e-06
183 1.255263e-06
184 3.062350e-07
185 4.256062e-07
186 1.641948e-06
187 3.776745e-06
188 4.407417e-06
189 2.182666e-06
190 3.253875e-08
191 1.995481e-06
192 8.080460e-06
193 1.406711e-05
194 1.573403e-05
195 1.247230e-05
196 7.009865e-06
197 2.616678e-06
198 5.323380e-07
199 1.628559e-08

0 2.652387e-06
1 2.721230e-06
2 3.001955e-06
3 3.124463e-06
4 2.834559e-06
5 2.133396e-06
6 1.267009e-06
7 5.485106e-07
8 1.388419e-07
9 1.198198e-09
10 1.291576e-07
11 9.013319e-07
12 3.180462e-06
13 7.195189e-06
14 1.067580e-05
15 1.015942e-05
16 5.632956e-06
17 1.282296e-06
18 1.918225e-12
19 2.976957e-07
20 1.264620e-07
21 1.234714e-07
22 1.298198e-06
23 2.481838e-06
24 1.955481e-06
25 2.985366e-07
26 6.330032e-07
27 5.051773e-06
28 1.105306e-05
29 1.329051e-05
30 9.838354e-06
31 4.480059e-06
32 1.246829e-06
33 3.765234e-07
34 6.982524e-07
35 2.970849e-06
36 9.009693e-06
37 1.829799e-05
38 2.651853e-05
39 2.822388e-05
40 2.184268e-05
41 1.167326e-05
42 3.785418e-06
43 4.797155e-07
44 1.110600e-08
45 2.760294e-07
46 7.096125e-07
47 1.631712e-06
48 3.277494e-06
49 4.956790e-06
50 5.440020e-06
51 4.491793e-06
52 3.081376e-06
53 2.115236e-06
54 1.775250e-06
55 1.799314e-06
56 1.711871e-06
57 1.078243e-06
58 1.886903e-07
59 2.021536e-07
60 2.006798e-06
61 4.940017e-06
62 6.737217e-06
63 5.681620e-06
64 2.757642e-06
65 5.679356e-07
66 1.577913e-08
67 1.732251e-08
68 7.032751e-07
69 4.070770e-06
70 1.072965e-05
71 1.782203e-05
72 2.118406e-05
73 1.892785e-05
74 1.282080e-05
75 6.495438e-06
76 2.492025e-06
77 9.616058e-07
78 7.184512e-07
79 9.674985e-07
80 9.132000e-07
81 1.322159e-07
82 7.112983e-07
83 5.259615e-06
84 1.175382e-05
85 1.478699e-05
86 1.218279e-05
87 6.918925e-06
88 2.770177e-06
89 8.880895e-07
90 4.295295e-07
91 6.632229e-07
92 1.652215e-06
93 3.263027e-06
94 4.496033e-06
95 4.175422e-06
96 2.488143e-06
97 8.434310e-07
98 1.026465e-07
99 8.577538e-09
100 1.517998e-07
101 5.007190e-07
102 1.202564e-06
103 2.207052e-06
104 3.170590e-06
105 3.800999e-06
106 4.119337e-06
107 4.345620e-06
108 4.668257e-06
109 5.164779e-06
110 5.893315e-06
111 6.946466e-06
112 8.297943e-06
113 9.233181e-06
114 8.529992e-06
115 5.548922e-06
116 1.917159e-06
117 1.257518e-07
118 4.990086e-08
119 9.995082e-10
120 1.273772e-06
121 7.110836e-06
122 1.610108e-05
123 2.116566e-05
124 1.739403e-05
125 8.171680e-06
126 1.180732e-06
127 3.923582e-07
128 3.446165e-06
129 5.757048e-06
130 5.384187e-06
131 3.710959e-06
132 2.664681e-06
133 3.001158e-06
134 5.028290e-06
135 8.470341e-06
136 1.160346e-05
137 1.230175e-05
138 1.003866e-05
139 6.177139e-06
140 2.619170e-06
141 5.797071e-07
142 1.377924e-08
143 1.893789e-08
144 2.640418e-09
145 3.151531e-07
146 1.284562e-06
147 2.354337e-06
148 2.945977e-06
149 3.288365e-06
150 3.898196e-06
151 4.771538e-06
152 5.150108e-06
153 4.257558e-06
154 2.475540e-06
155 1.018858e-06
156 4.414074e-07
157 5.842844e-07
158 1.815446e-06
159 5.046246e-06
160 1.000700e-05
161 1.435186e-05
162 1.542435e-05
163 1.283348e-05
164 8.781651e-06
165 5.785877e-06
166 4.863723e-06
167 5.989693e-06
168 8.487812e-06
169 1.021688e-05
170 8.669403e-06
171 4.286494e-06
172 6.278740e-07
173 2.416853e-07
174 1.892317e-06
175 2.558768e-06
176 1.246829e-06
177 7.329928e-09
178 1.393309e-06
179 5.250445e-06
180 8.342768e-06
181 7.658420e-06
182 4.150938e-06
183 1.255263e-06
184 3.062350e-07
185 4.256062e-07
186 1.641948e-06
187 3.776745e-06
188 4.407417e-06
189 2.182666e-06
190 3.253875e-08
191 1.995481e-06
192 8.080460e-06
193 1.406711e-05
194 1.573403e-05
195 1.247230e-05
196 7.009865e-06
197 2.616678e-06
198 5.323380e-07
199 1.628559e-08

0 2.652387e-06
1 2.721230e-06
2 3.001955e-06
3 3.124463e-06
4 2.834559e-06
5 2.133396e-06
6 1.267009e-06
7 5.485106e-07
8 1.388419e-07
9 1.198198e-09
10 1.291576e-07
11 9.013319e-07
12 3.180462e-06
13 7.195189e-06
14 1.067580e-05
15 1.015942e-05
16 5.632956e-06
17 1.282296e-06
18 1.918225e-12
19 2.976957e-07
20 1.264620e-07
21 1.234714e-07
22 1.298198e-06
23 2.481838e-06
24 1.955481e-06
25 2.985366e-07
26 6.330032e-07
27 5.051773e-06
28 1.105306e-05
29 1.329051e-05
30 9.838354e-06
31 4.480059e-06
32 1.246829e-06
33 3.765234e-07
34 6.982524e-07
35 2.970849e-06
36 9.009693e-06
37 1.829799e-05
38 2.651853e-05
39 2.822388e-05
40 2.184268e-05
41 1.167326e-05
42 3.785418e-06
43 4.797155e-07
44 1.110600e-08
45 2.760294e-07
46 7.096125e-07
47 1.631712e-06
48 3.277494e-06
49 4.956790e-06
50 5.440020e-06
51 4.491793e-06
52 3.081376e-06
53 2.115236e-06
54 1.775250e-06
55 1.799314e-06
56 1.711871e-06
57 1.078243e-06
58 1.886903e-07
59 2.021536e-07
60 2.006798e-06
61 4.940017e-06
62 6.737217e-06
63 5.681620e-06
64 2.757642e-06
65 5.679356e-07
66 1.577913e-08
67 1.732251e-08
68 7.032751e-07
69 4.070770e-06
70 1.072965e-05
71 1.782203e-05
72 2.118406e-05
73 1.892785e-05
74 1.282080e-05
75 6.495438e-06
76 2.492025e-06
77 9.616058e-07
78 7.184512e-07
79 9.674985e-07
80 9.132000e-07
81 1.322159e-07
82 7.112983e-07
83 5.259615e-06
84 1.175382e-05
85 1.478699e-05
86 1.218279e-05
87 6.918925e-06
88 2.770177e-06
89 8.880895e-07
90 4.295295e-07
91 6.632229e-07
92 1.652215e-06
93 3.263027e-06
94 4.496033e-06
95 4.175422e-06
96 2.488143e-06
97 8.434310e-07
98 1.026465e-07
99 8.577538e-09
100 1.517998e-07
101 5.007190e-07
102 1.202564e-06
103 2.207052e-06
104 3.170590e-06
105 3.800999e-06
106 4.119337e-06
107 4.345620e-06
108 4.668257e-06
109 5.164779e-06
110 5.893315e-06
111 6.946466e-06
112 8.297943e-06
113 9.233181e-06
114 8.529992e-06
115 5.548922e-06
116 1.917159e-06
117 1.257518e-07
118 4.990086e-08
119 9.995082e-10
120 1.273772e-06
121 7.110836e-06
122 1.610108e-05
123 2.116566e-05
124 1.739403e-05
125 8.171680e-06
126 1.180732e-06
127 3.923582e-07
128 3.446165e-06
129 5.757048e-06
130 5.384187e-06
131 3.710959e-06
132 2.664681e-06
133 3.001158e-06
134 5.028290e-06
135 8.470341e-06
136 1.160346e-05
137 1.230175e-05
138 1.003866e-05
139 6.177139e-06
140 2.619170e-06
141 5.797071e-07
142 1.377924e-08
143 1.893789e-08
144 2.640418e-09
145 3.151531e-07
146 1.284562e-06
147 2.354337e-06
148 2.945977e-06
149 3.288365e-06
150 3.898196e-06
151 4.771538e-06
152 5.150108e-06
153 4.257558e-06
154 2.475540e-06
155 1.018858e-06
156 4.414074e-07
157 5.842844e-07
158 1.815446e-06
159 5.046246e-06
160 1.000700e-05
161 1.435186e-05
