0 0.000168 0.005219 0.014440 0.032341 0.068693 0.135315 0.306932 0.558328 
1 0.000169 0.005248 0.014548 0.032675 0.069730 0.138397 0.319896 0.604268 
2 0.000170 0.005284 0.014679 0.033082 0.071001 0.142208 0.336268 0.664755 
3 0.000170 0.005310 0.014779 0.033393 0.071978 0.145161 0.349208 0.714510 
4 0.000171 0.005316 0.014799 0.033455 0.072173 0.145753 0.351832 0.724809 
5 0.000170 0.005297 0.014729 0.033238 0.071491 0.143687 0.342719 0.689347 
6 0.000169 0.005264 0.014605 0.032852 0.070282 0.140049 0.326946 0.629976 
7 0.000169 0.005230 0.014481 0.032468 0.069086 0.136481 0.311806 0.575396 
8 0.000168 0.005210 0.014407 0.032239 0.068378 0.134384 0.303061 0.544946 
9 0.000168 0.005212 0.014412 0.032253 0.068420 0.134508 0.303578 0.546722 
10 0.000169 0.005234 0.014493 0.032506 0.069204 0.136832 0.313282 0.580612 
11 0.000169 0.005268 0.014622 0.032904 0.070447 0.140542 0.329064 0.637799 
12 0.000170 0.005301 0.014744 0.033284 0.071635 0.144122 0.344630 0.696712 
13 0.000171 0.005317 0.014802 0.033465 0.072206 0.145851 0.352267 0.726523 
14 0.000170 0.005308 0.014768 0.033359 0.071872 0.144841 0.347795 0.708995 
15 0.000170 0.005279 0.014661 0.033025 0.070825 0.141679 0.333971 0.656103 
16 0.000169 0.005244 0.014531 0.032623 0.069569 0.137919 0.317869 0.596969 
17 0.000168 0.005217 0.014432 0.032316 0.068615 0.135085 0.305972 0.554993 
18 0.000168 0.005209 0.014401 0.032220 0.068318 0.134206 0.302324 0.542416 
19 0.000168 0.005222 0.014451 0.032375 0.068798 0.135627 0.308233 0.562860 
20 0.000169 0.005253 0.014564 0.032725 0.069887 0.138866 0.321890 0.611487 
21 0.000170 0.005288 0.014696 0.033133 0.071164 0.142698 0.338399 0.672831 
22 0.000170 0.005313 0.014787 0.033419 0.072060 0.145408 0.350303 0.718799 
23 0.000170 0.005314 0.014793 0.033438 0.072120 0.145590 0.351108 0.721963 
24 0.000170 0.005293 0.014713 0.033188 0.071334 0.143211 0.340640 0.681374 
25 0.000169 0.005259 0.014587 0.032794 0.070103 0.139513 0.324651 0.621549 
26 0.000169 0.005227 0.014468 0.032427 0.068962 0.136111 0.310258 0.569948 
27 0.000168 0.005210 0.014405 0.032233 0.068359 0.134326 0.302825 0.544134 
28 0.000168 0.005214 0.014421 0.032282 0.068512 0.134780 0.304707 0.550615 
29 0.000169 0.005238 0.014511 0.032560 0.069373 0.137334 0.315396 0.588125 
30 0.000170 0.005273 0.014641 0.032962 0.070628 0.141086 0.331408 0.646514 
31 0.000170 0.005304 0.014756 0.033322 0.071754 0.144482 0.346212 0.702838 
32 0.000171 0.005317 0.014802 0.033465 0.072204 0.145846 0.352243 0.726432 
33 0.000170 0.005304 0.014756 0.033321 0.071753 0.144478 0.346196 0.702777 
34 0.000170 0.005274 0.014643 0.032969 0.070648 0.141145 0.331662 0.647460 
35 0.000169 0.005240 0.014515 0.032573 0.069413 0.137454 0.315904 0.589935 
36 0.000168 0.005215 0.014425 0.032293 0.068546 0.134880 0.305119 0.552040 
37 0.000168 0.005210 0.014405 0.032232 0.068356 0.134318 0.302789 0.544010 
38 0.000169 0.005226 0.014465 0.032419 0.068935 0.136032 0.309926 0.568783 
39 0.000169 0.005258 0.014584 0.032786 0.070076 0.139432 0.324304 0.620283 
40 0.000170 0.005292 0.014712 0.033184 0.071323 0.143179 0.340498 0.680833 
41 0.000170 0.005314 0.014793 0.033437 0.072117 0.145584 0.351081 0.721856 
42 0.000170 0.005312 0.014786 0.033414 0.072044 0.145361 0.350092 0.717974 
43 0.000170 0.005288 0.014696 0.033133 0.071163 0.142696 0.338391 0.672801 
44 0.000169 0.005254 0.014568 0.032738 0.069928 0.138987 0.322408 0.613370 
45 0.000168 0.005224 0.014457 0.032393 0.068854 0.135793 0.308926 0.565279 
46 0.000168 0.005210 0.014404 0.032230 0.068351 0.134304 0.302733 0.543818 
47 0.000168 0.005217 0.014432 0.032315 0.068614 0.135080 0.305952 0.554923 
48 0.000169 0.005243 0.014529 0.032616 0.069547 0.137853 0.317589 0.595966 
49 0.000170 0.005278 0.014660 0.033022 0.070816 0.141650 0.333848 0.655642 
50 0.000170 0.005307 0.014767 0.033356 0.071863 0.144813 0.347674 0.708523 
51 0.000171 0.005316 0.014799 0.033457 0.072179 0.145771 0.351909 0.725115 
52 0.000170 0.005300 0.014742 0.033277 0.071613 0.144056 0.344340 0.695591 
53 0.000169 0.005269 0.014624 0.032911 0.070466 0.140601 0.329318 0.638740 
54 0.000169 0.005235 0.014500 0.032526 0.069269 0.137025 0.314093 0.583490 
55 0.000168 0.005214 0.014419 0.032275 0.068489 0.134712 0.304422 0.549634 
56 0.000168 0.005211 0.014411 0.032252 0.068417 0.134498 0.303537 0.546584 
57 0.000169 0.005230 0.014481 0.032468 0.069086 0.136482 0.311810 0.575410 
58 0.000169 0.005263 0.014604 0.032847 0.070269 0.140008 0.326771 0.629332 
59 0.000170 0.005297 0.014728 0.033234 0.071478 0.143647 0.342546 0.688683 
60 0.000171 0.005315 0.014797 0.033448 0.072152 0.145688 0.351544 0.723676 
61 0.000170 0.005309 0.014775 0.033382 0.071945 0.145059 0.348759 0.712757 
62 0.000170 0.005283 0.014678 0.033077 0.070988 0.142169 0.336098 0.664114 
63 0.000169 0.005249 0.014550 0.032682 0.069753 0.138466 0.320187 0.605319 
64 0.000168 0.005221 0.014447 0.032363 0.068761 0.135515 0.307765 0.561227 
65 0.000168 0.005210 0.014406 0.032237 0.068370 0.134360 0.302965 0.544615 
66 0.000168 0.005220 0.014444 0.032353 0.068732 0.135430 0.307409 0.559986 
67 0.000169 0.005248 0.014548 0.032675 0.069731 0.138401 0.319912 0.604325 
68 0.000170 0.005283 0.014678 0.033078 0.070991 0.142179 0.336141 0.664278 
69 0.000170 0.005310 0.014777 0.033388 0.071962 0.145111 0.348989 0.713656 
70 0.000170 0.005315 0.014796 0.033445 0.072142 0.145659 0.351412 0.723156 
71 0.000170 0.005296 0.014725 0.033226 0.071453 0.143573 0.342220 0.687431 
72 0.000169 0.005263 0.014604 0.032847 0.070269 0.140008 0.326771 0.629332 
73 0.000169 0.005231 0.014485 0.032479 0.069121 0.136584 0.312238 0.576920 
74 0.000168 0.005213 0.014415 0.032265 0.068457 0.134617 0.304030 0.548281 
75 0.000168 0.005214 0.014421 0.032280 0.068506 0.134762 0.304631 0.550352 
76 0.000169 0.005235 0.014500 0.032525 0.069264 0.137011 0.314034 0.583277 
77 0.000169 0.005269 0.014624 0.032910 0.070465 0.140598 0.329306 0.638696 
78 0.000170 0.005300 0.014742 0.033277 0.071615 0.144062 0.344367 0.695697 
79 0.000171 0.005316 0.014798 0.033453 0.072167 0.145735 0.351750 0.724487 
80 0.000170 0.005307 0.014765 0.033349 0.071839 0.144739 0.347346 0.707245 
81 0.000170 0.005278 0.014659 0.033019 0.070806 0.141620 0.333718 0.655152 
82 0.000169 0.005244 0.014531 0.032623 0.069568 0.137914 0.317849 0.596897 
83 0.000168 0.005218 0.014435 0.032326 0.068648 0.135182 0.306376 0.556395 
84 0.000168 0.005211 0.014408 0.032241 0.068385 0.134405 0.303149 0.545248 
85 0.000168 0.005225 0.014460 0.032401 0.068879 0.135866 0.309230 0.566343 
86 0.000169 0.005254 0.014570 0.032743 0.069942 0.139030 0.322588 0.614022 
87 0.000170 0.005288 0.014697 0.033136 0.071172 0.142723 0.338509 0.673251 
88 0.000170 0.005312 0.014784 0.033408 0.072027 0.145308 0.349859 0.717058 
89 0.000170 0.005313 0.014789 0.033425 0.072079 0.145466 0.350560 0.719807 
90 0.000170 0.005292 0.014710 0.033179 0.071306 0.143129 0.340278 0.679991 
91 0.000169 0.005259 0.014586 0.032792 0.070095 0.139489 0.324547 0.621171 
92 0.000169 0.005227 0.014470 0.032433 0.068978 0.136159 0.310458 0.570651 
93 0.000168 0.005211 0.014409 0.032246 0.068400 0.134447 0.303325 0.545854 
94 0.000168 0.005216 0.014428 0.032303 0.068575 0.134965 0.305475 0.553273 
95 0.000169 0.005240 0.014517 0.032580 0.069436 0.137520 0.316183 0.590933 
96 0.000170 0.005274 0.014644 0.032974 0.070664 0.141195 0.331880 0.648274 
97 0.000170 0.005304 0.014755 0.033319 0.071747 0.144461 0.346122 0.702489 
98 0.000171 0.005315 0.014798 0.033452 0.072164 0.145724 0.351703 0.724303 
99 0.000170 0.005303 0.014751 0.033307 0.071709 0.144346 0.345617 0.700531 
100 0.000170 0.005273 0.014641 0.032963 0.070630 0.141091 0.331432 0.646602 
101 0.000169 0.005240 0.014517 0.032577 0.069427 0.137496 0.316080 0.590562 
102 0.000168 0.005216 0.014428 0.032302 0.068573 0.134960 0.305455 0.553204 
103 0.000168 0.005211 0.014410 0.032248 0.068406 0.134467 0.303405 0.546130 
104 0.000169 0.005228 0.014472 0.032439 0.068998 0.136220 0.310714 0.571550 
105 0.000169 0.005259 0.014589 0.032803 0.070129 0.139589 0.324977 0.622744 
106 0.000170 0.005293 0.014713 0.033189 0.071337 0.143221 0.340683 0.681540 
107 0.000170 0.005313 0.014789 0.033426 0.072082 0.145476 0.350602 0.719976 
108 0.000170 0.005311 0.014781 0.033400 0.072000 0.145228 0.349504 0.715669 
109 0.000170 0.005287 0.014693 0.033127 0.071142 0.142633 0.338115 0.671752 
110 0.000169 0.005254 0.014569 0.032738 0.069929 0.138992 0.322428 0.613442 
111 0.000168 0.005224 0.014459 0.032399 0.068874 0.135850 0.309166 0.566119 
112 0.000168 0.005211 0.014408 0.032243 0.068389 0.134416 0.303197 0.545414 
113 0.000168 0.005219 0.014438 0.032333 0.068668 0.135242 0.306628 0.557271 
114 0.000169 0.005245 0.014535 0.032635 0.069607 0.138032 0.318348 0.598689 
115 0.000170 0.005279 0.014663 0.033030 0.070841 0.141726 0.334177 0.656876 
116 0.000170 0.005307 0.014766 0.033352 0.071849 0.144769 0.347478 0.707762 
117 0.000170 0.005315 0.014795 0.033444 0.072139 0.145650 0.351373 0.723003 
118 0.000170 0.005299 0.014738 0.033265 0.071578 0.143948 0.343865 0.693760 
119 0.000169 0.005269 0.014623 0.032909 0.070461 0.140584 0.329246 0.638475 
120 0.000169 0.005236 0.014502 0.032533 0.069288 0.137081 0.314329 0.584328 
121 0.000168 0.005214 0.014422 0.032284 0.068518 0.134798 0.304779 0.550864 
122 0.000168 0.005213 0.014415 0.032264 0.068455 0.134610 0.303998 0.548170 
123 0.000169 0.005232 0.014487 0.032486 0.069143 0.136648 0.312510 0.577881 
124 0.000169 0.005265 0.014609 0.032863 0.070317 0.140153 0.327391 0.631617 
125 0.000170 0.005297 0.014728 0.033234 0.071480 0.143652 0.342570 0.688774 
126 0.000170 0.005314 0.014793 0.033435 0.072112 0.145566 0.351003 0.721550 
127 0.000170 0.005308 0.014771 0.033369 0.071903 0.144933 0.348201 0.710578 
128 0.000170 0.005283 0.014677 0.033075 0.070980 0.142145 0.335995 0.663726 
129 0.000169 0.005250 0.014553 0.032690 0.069779 0.138543 0.320515 0.606502 
130 0.000168 0.005222 0.014449 0.032369 0.068781 0.135574 0.308013 0.562092 
131 0.000168 0.005211 0.014409 0.032244 0.068395 0.134433 0.303265 0.545648 
132 0.000168 0.005222 0.014449 0.032368 0.068778 0.135568 0.307985 0.561994 
133 0.000169 0.005250 0.014553 0.032692 0.069783 0.138556 0.320570 0.606704 
134 0.000170 0.005284 0.014680 0.033086 0.071014 0.142246 0.336434 0.665382 
135 0.000170 0.005309 0.014774 0.033377 0.071927 0.145007 0.348529 0.711858 
136 0.000170 0.005313 0.014790 0.033428 0.072090 0.145500 0.350707 0.720388 
137 0.000170 0.005296 0.014724 0.033221 0.071438 0.143526 0.342016 0.686646 
138 0.000169 0.005264 0.014607 0.032858 0.070303 0.140112 0.327216 0.630972 
139 0.000169 0.005233 0.014490 0.032494 0.069170 0.136729 0.312850 0.579083 
140 0.000168 0.005213 0.014417 0.032270 0.068474 0.134667 0.304238 0.548998 
141 0.000168 0.005214 0.014422 0.032285 0.068520 0.134802 0.304799 0.550933 
142 0.000169 0.005237 0.014504 0.032539 0.069307 0.137137 0.314565 0.585166 
143 0.000169 0.005270 0.014627 0.032920 0.070496 0.140691 0.329707 0.640183 
144 0.000170 0.005300 0.014740 0.033272 0.071599 0.144013 0.344151 0.694865 
145 0.000170 0.005314 0.014793 0.033438 0.072119 0.145589 0.351104 0.721948 
146 0.000170 0.005305 0.014760 0.033334 0.071794 0.144602 0.346744 0.704904 
147 0.000170 0.005279 0.014660 0.033024 0.070821 0.141665 0.333911 0.655880 
148 0.000169 0.005246 0.014539 0.032647 0.069645 0.138143 0.318819 0.600384 
149 0.000168 0.005220 0.014442 0.032348 0.068714 0.135377 0.307189 0.559219 
150 0.000168 0.005211 0.014411 0.032250 0.068412 0.134483 0.303473 0.546364 
151 0.000168 0.005225 0.014461 0.032405 0.068893 0.135908 0.309406 0.566959 
152 0.000169 0.005255 0.014572 0.032749 0.069962 0.139090 0.322847 0.614964 
153 0.000170 0.005288 0.014697 0.033137 0.071174 0.142729 0.338533 0.673341 
154 0.000170 0.005311 0.014780 0.033397 0.071991 0.145201 0.349387 0.715212 
155 0.000170 0.005312 0.014783 0.033406 0.072019 0.145284 0.349753 0.716646 
156 0.000170 0.005291 0.014707 0.033170 0.071279 0.143045 0.339912 0.678593 
157 0.000169 0.005260 0.014591 0.032809 0.070149 0.139649 0.325232 0.623678 
158 0.000169 0.005230 0.014481 0.032466 0.069081 0.136466 0.311746 0.575184 
159 0.000168 0.005213 0.014418 0.032272 0.068481 0.134687 0.304318 0.549275 
160 0.000168 0.005217 0.014432 0.032316 0.068616 0.135086 0.305976 0.555007 
161 0.000169 0.005241 0.014520 0.032588 0.069461 0.137596 0.316503 0.592076 
162 0.000170 0.005274 0.014644 0.032974 0.070664 0.141193 0.331872 0.648244 
163 0.000170 0.005303 0.014752 0.033309 0.071716 0.144366 0.345703 0.700865 
164 0.000170 0.005314 0.014792 0.033433 0.072106 0.145549 0.350925 0.721244 
165 0.000170 0.005302 0.014746 0.033292 0.071660 0.144198 0.344963 0.697999 
166 0.000170 0.005274 0.014642 0.032968 0.070645 0.141136 0.331626 0.647327 
167 0.000169 0.005242 0.014525 0.032602 0.069504 0.137724 0.317042 0.594005 
168 0.000168 0.005219 0.014438 0.032333 0.068670 0.135247 0.306648 0.557341 
169 0.000168 0.005214 0.014420 0.032277 0.068496 0.134732 0.304506 0.549924 
170 0.000169 0.005230 0.014478 0.032458 0.069058 0.136396 0.311450 0.574141 
171 0.000169 0.005260 0.014590 0.032806 0.070141 0.139626 0.325136 0.623328 
172 0.000170 0.005292 0.014711 0.033181 0.071314 0.143151 0.340376 0.680367 
173 0.000170 0.005312 0.014784 0.033409 0.072030 0.145319 0.349909 0.717257 
174 0.000170 0.005309 0.014775 0.033380 0.071937 0.145035 0.348654 0.712345 
175 0.000170 0.005287 0.014691 0.033119 0.071118 0.142560 0.337799 0.670555 
176 0.000169 0.005255 0.014573 0.032752 0.069971 0.139117 0.322962 0.615385 
177 0.000169 0.005227 0.014469 0.032429 0.068967 0.136128 0.310326 0.570187 
178 0.000168 0.005214 0.014420 0.032277 0.068496 0.134731 0.304502 0.549910 
179 0.000168 0.005221 0.014446 0.032358 0.068745 0.135470 0.307577 0.560571 
180 0.000169 0.005246 0.014540 0.032651 0.069658 0.138183 0.318987 0.600987 
181 0.000170 0.005279 0.014663 0.033033 0.070850 0.141753 0.334291 0.657307 
182 0.000170 0.005306 0.014761 0.033337 0.071801 0.144625 0.346845 0.705299 
183 0.000170 0.005313 0.014788 0.033422 0.072069 0.145435 0.350423 0.719273 
184 0.000170 0.005298 0.014733 0.033248 0.071523 0.143784 0.343147 0.690994 
185 0.000169 0.005269 0.014624 0.032912 0.070470 0.140611 0.329361 0.638902 
186 0.000169 0.005238 0.014510 0.032556 0.069361 0.137299 0.315249 0.587598 
187 0.000168 0.005217 0.014433 0.032318 0.068621 0.135103 0.306048 0.555256 
188 0.000168 0.005216 0.014426 0.032298 0.068561 0.134925 0.305307 0.552691 
189 0.000169 0.005234 0.014495 0.032511 0.069222 0.136884 0.313502 0.581391 
190 0.000169 0.005266 0.014612 0.032873 0.070348 0.140245 0.327789 0.633083 
191 0.000170 0.005296 0.014726 0.033227 0.071457 0.143583 0.342264 0.687597 
192 0.000170 0.005312 0.014786 0.033415 0.072047 0.145370 0.350135 0.718142 
193 0.000170 0.005306 0.014764 0.033347 0.071835 0.144726 0.347291 0.707032 
194 0.000170 0.005282 0.014674 0.033065 0.070948 0.142048 0.335572 0.662130 
195 0.000169 0.005251 0.014556 0.032700 0.069810 0.138635 0.320909 0.607931 
196 0.000168 0.005224 0.014459 0.032399 0.068873 0.135849 0.309162 0.566105 
197 0.000168 0.005214 0.014421 0.032281 0.068509 0.134771 0.304667 0.550477 
198 0.000168 0.005225 0.014460 0.032402 0.068882 0.135875 0.309270 0.566483 
199 0.000169 0.005252 0.014560 0.032713 0.069848 0.138751 0.321400 0.609708 
200 0.000170 0.005284 0.014681 0.033088 0.071022 0.142272 0.336544 0.665800 
201 0.000170 0.005308 0.014769 0.033362 0.071880 0.144863 0.347893 0.709375 
202 0.000170 0.005312 0.014783 0.033406 0.072018 0.145282 0.349746 0.716616 
203 0.000170 0.005294 0.014717 0.033201 0.071375 0.143335 0.341179 0.683437 
204 0.000169 0.005264 0.014606 0.032854 0.070291 0.140075 0.327057 0.630386 
205 0.000169 0.005234 0.014496 0.032513 0.069227 0.136899 0.313566 0.581618 
206 0.000168 0.005216 0.014429 0.032306 0.068584 0.134993 0.305591 0.553675 
207 0.000168 0.005218 0.014435 0.032326 0.068648 0.135182 0.306376 0.556395 
208 0.000169 0.005239 0.014514 0.032568 0.069398 0.137408 0.315708 0.589236 
209 0.000170 0.005271 0.014632 0.032935 0.070541 0.140826 0.330286 0.642335 
210 0.000170 0.005300 0.014739 0.033268 0.071586 0.143973 0.343975 0.694184 
211 0.000170 0.005312 0.014786 0.033415 0.072049 0.145377 0.350166 0.718265 
212 0.000170 0.005303 0.014752 0.033310 0.071716 0.144368 0.345711 0.700895 
213 0.000170 0.005277 0.014656 0.033010 0.070777 0.141533 0.333342 0.653742 
214 0.000169 0.005246 0.014540 0.032649 0.069650 0.138160 0.318891 0.600642 
215 0.000168 0.005222 0.014450 0.032371 0.068787 0.135593 0.308089 0.562357 
216 0.000168 0.005215 0.014425 0.032293 0.068544 0.134874 0.305095 0.551957 
217 0.000169 0.005229 0.014475 0.032447 0.069024 0.136296 0.311030 0.572662 
218 0.000169 0.005257 0.014581 0.032777 0.070048 0.139348 0.323946 0.618973 
219 0.000170 0.005289 0.014698 0.033140 0.071185 0.142763 0.338683 0.673910 
220 0.000170 0.005309 0.014774 0.033379 0.071934 0.145028 0.348622 0.712223 
221 0.000170 0.005310 0.014776 0.033384 0.071951 0.145079 0.348845 0.713092 
222 0.000170 0.005290 0.014702 0.033154 0.071227 0.142890 0.339234 0.676010 
223 0.000169 0.005259 0.014588 0.032798 0.070115 0.139549 0.324806 0.622118 
224 0.000169 0.005230 0.014481 0.032468 0.069088 0.136486 0.311830 0.575481 
225 0.000168 0.005216 0.014426 0.032298 0.068562 0.134927 0.305315 0.552719 
226 0.000168 0.005221 0.014446 0.032358 0.068748 0.135478 0.307609 0.560683 
227 0.000169 0.005244 0.014533 0.032628 0.069586 0.137967 0.318072 0.597700 
228 0.000170 0.005276 0.014651 0.032993 0.070725 0.141379 0.332672 0.651235 
229 0.000170 0.005302 0.014749 0.033301 0.071688 0.144283 0.345339 0.699455 
230 0.000170 0.005312 0.014785 0.033411 0.072034 0.145331 0.349960 0.717455 
231 0.000170 0.005300 0.014741 0.033274 0.071604 0.144026 0.344210 0.695092 
232 0.000170 0.005273 0.014639 0.032958 0.070615 0.141047 0.331242 0.645893 
233 0.000169 0.005242 0.014523 0.032598 0.069493 0.137690 0.316898 0.593490 
234 0.000168 0.005219 0.014440 0.032341 0.068694 0.135317 0.306940 0.558356 
235 0.000168 0.005216 0.014428 0.032302 0.068573 0.134958 0.305447 0.553176 
236 0.000169 0.005233 0.014490 0.032495 0.069172 0.136737 0.312882 0.579196 
237 0.000169 0.005263 0.014601 0.032840 0.070247 0.139942 0.326489 0.628293 
238 0.000170 0.005293 0.014713 0.033188 0.071336 0.143218 0.340667 0.681480 
239 0.000170 0.005310 0.014778 0.033391 0.071971 0.145140 0.349118 0.714159 
240 0.000170 0.005307 0.014767 0.033357 0.071864 0.144816 0.347686 0.708569 
241 0.000170 0.005286 0.014687 0.033107 0.071081 0.142448 0.337310 0.668699 
242 0.000169 0.005255 0.014573 0.032752 0.069972 0.139119 0.322970 0.615414 
243 0.000169 0.005228 0.014471 0.032435 0.068986 0.136182 0.310554 0.570988 
244 0.000168 0.005215 0.014423 0.032289 0.068534 0.134844 0.304971 0.551528 
245 0.000168 0.005223 0.014454 0.032385 0.068830 0.135721 0.308626 0.564229 
246 0.000169 0.005249 0.014551 0.032683 0.069755 0.138473 0.320219 0.605435 
247 0.000170 0.005281 0.014669 0.033050 0.070904 0.141915 0.334995 0.659955 
248 0.000170 0.005305 0.014759 0.033330 0.071780 0.144561 0.346564 0.704205 
249 0.000170 0.005311 0.014781 0.033399 0.071998 0.145222 0.349480 0.715578 
250 0.000170 0.005297 0.014727 0.033231 0.071470 0.143624 0.342444 0.688291 
251 0.000169 0.005269 0.014623 0.032908 0.070457 0.140573 0.329199 0.638299 
252 0.000169 0.005238 0.014511 0.032561 0.069376 0.137341 0.315428 0.588239 
253 0.000168 0.005218 0.014436 0.032329 0.068657 0.135208 0.306484 0.556771 
254 0.000168 0.005218 0.014434 0.032321 0.068630 0.135130 0.306160 0.555645 
255 0.000169 0.005237 0.014504 0.032539 0.069308 0.137141 0.314585 0.585237 
256 0.000169 0.005267 0.014618 0.032893 0.070412 0.140437 0.328615 0.636137 
257 0.000170 0.005296 0.014726 0.033229 0.071464 0.143606 0.342366 0.687989 
258 0.000170 0.005311 0.014781 0.033399 0.071999 0.145223 0.349484 0.715593 
259 0.000170 0.005305 0.014758 0.033327 0.071770 0.144530 0.346423 0.703658 
260 0.000170 0.005281 0.014670 0.033054 0.070916 0.141951 0.335153 0.660551 
261 0.000169 0.005251 0.014557 0.032703 0.069819 0.138664 0.321033 0.608378 
262 0.000168 0.005225 0.014463 0.032410 0.068909 0.135954 0.309598 0.567632 
263 0.000168 0.005216 0.014426 0.032298 0.068562 0.134927 0.305315 0.552719 
264 0.000169 0.005227 0.014467 0.032425 0.068953 0.136086 0.310150 0.569569 
265 0.000169 0.005254 0.014569 0.032739 0.069930 0.138995 0.322440 0.613486 
266 0.000170 0.005285 0.014685 0.033100 0.071057 0.142378 0.337006 0.667548 
267 0.000170 0.005307 0.014765 0.033351 0.071846 0.144761 0.347443 0.707625 
268 0.000170 0.005310 0.014776 0.033383 0.071947 0.145067 0.348794 0.712894 
269 0.000170 0.005293 0.014713 0.033187 0.071332 0.143205 0.340612 0.681269 
270 0.000169 0.005264 0.014607 0.032857 0.070297 0.140094 0.327141 0.630694 
271 0.000169 0.005235 0.014499 0.032522 0.069256 0.136985 0.313926 0.582894 
272 0.000168 0.005217 0.014433 0.032320 0.068630 0.135127 0.306148 0.555604 
273 0.000168 0.005220 0.014442 0.032347 0.068711 0.135368 0.307153 0.559094 
274 0.000169 0.005241 0.014522 0.032593 0.069477 0.137644 0.316707 0.592804 
275 0.000170 0.005272 0.014637 0.032950 0.070589 0.140969 0.330905 0.644637 
276 0.000170 0.005299 0.014738 0.033264 0.071573 0.143935 0.343810 0.693548 
277 0.000170 0.005311 0.014781 0.033398 0.071995 0.145212 0.349434 0.715395 
278 0.000170 0.005302 0.014746 0.033292 0.071660 0.144197 0.344959 0.697984 
279 0.000170 0.005277 0.014654 0.033004 0.070758 0.141477 0.333100 0.652837 
280 0.000169 0.005247 0.014542 0.032657 0.069675 0.138233 0.319202 0.601763 
281 0.000168 0.005223 0.014455 0.032387 0.068838 0.135743 0.308718 0.564551 
282 0.000168 0.005217 0.014431 0.032311 0.068602 0.135044 0.305804 0.554410 
283 0.000169 0.005230 0.014482 0.032469 0.069091 0.136494 0.311862 0.575593 
284 0.000169 0.005259 0.014587 0.032796 0.070108 0.139526 0.324706 0.621753 
285 0.000170 0.005289 0.014700 0.033146 0.071202 0.142815 0.338907 0.674765 
286 0.000170 0.005308 0.014771 0.033368 0.071899 0.144920 0.348146 0.710365 
287 0.000170 0.005308 0.014769 0.033362 0.071881 0.144866 0.347904 0.709421 
288 0.000170 0.005288 0.014697 0.033138 0.071178 0.142740 0.338584 0.673535 
289 0.000169 0.005260 0.014590 0.032804 0.070133 0.139603 0.325037 0.622963 
290 0.000169 0.005232 0.014488 0.032489 0.069154 0.136682 0.312650 0.578376 
291 0.000168 0.005217 0.014433 0.032318 0.068622 0.135105 0.306056 0.555284 
292 0.000168 0.005223 0.014452 0.032379 0.068810 0.135662 0.308377 0.563363 
293 0.000169 0.005246 0.014540 0.032650 0.069654 0.138169 0.318931 0.600786 
294 0.000170 0.005277 0.014655 0.033006 0.070764 0.141494 0.333171 0.653104 
295 0.000170 0.005302 0.014748 0.033295 0.071672 0.144232 0.345116 0.698590 
296 0.000170 0.005310 0.014778 0.033391 0.071972 0.145142 0.349126 0.714190 
297 0.000170 0.005298 0.014733 0.033250 0.071530 0.143803 0.343230 0.691311 
298 0.000170 0.005272 0.014637 0.032950 0.070591 0.140974 0.330925 0.644711 
299 0.000169 0.005243 0.014529 0.032615 0.069544 0.137842 0.317545 0.595808 
300 0.000168 0.005222 0.014450 0.032372 0.068789 0.135599 0.308117 0.562455 
301 0.000168 0.005218 0.014437 0.032331 0.068662 0.135224 0.306552 0.557007 
302 0.000169 0.005235 0.014497 0.032518 0.069242 0.136944 0.313754 0.582284 
303 0.000169 0.005264 0.014606 0.032854 0.070291 0.140074 0.327053 0.630372 
304 0.000170 0.005293 0.014714 0.033190 0.071342 0.143237 0.340750 0.681796 
305 0.000170 0.005309 0.014774 0.033378 0.071931 0.145018 0.348580 0.712056 
306 0.000170 0.005305 0.014760 0.033333 0.071791 0.144593 0.346705 0.704752 
307 0.000170 0.005284 0.014680 0.033084 0.071008 0.142230 0.336363 0.665114 
308 0.000169 0.005255 0.014572 0.032750 0.069966 0.139102 0.322898 0.615153 
309 0.000169 0.005230 0.014479 0.032460 0.069062 0.136410 0.311510 0.574352 
310 0.000168 0.005218 0.014436 0.032328 0.068652 0.135193 0.306424 0.556562 
311 0.000169 0.005226 0.014466 0.032422 0.068945 0.136063 0.310054 0.569232 
312 0.000169 0.005251 0.014559 0.032708 0.069833 0.138704 0.321200 0.608985 
313 0.000170 0.005281 0.014671 0.033056 0.070922 0.141971 0.335240 0.660879 
314 0.000170 0.005304 0.014756 0.033323 0.071758 0.144493 0.346263 0.703035 
315 0.000170 0.005309 0.014775 0.033380 0.071938 0.145038 0.348665 0.712391 
316 0.000170 0.005294 0.014719 0.033205 0.071388 0.143375 0.341356 0.684114 
317 0.000169 0.005267 0.014618 0.032891 0.070406 0.140420 0.328539 0.635858 
318 0.000169 0.005239 0.014513 0.032565 0.069389 0.137382 0.315600 0.588852 
319 0.000168 0.005221 0.014446 0.032358 0.068747 0.135475 0.307597 0.560641 
320 0.000168 0.005221 0.014447 0.032362 0.068758 0.135507 0.307733 0.561115 
321 0.000169 0.005240 0.014517 0.032579 0.069432 0.137510 0.316140 0.590777 
322 0.000169 0.005269 0.014626 0.032916 0.070484 0.140652 0.329540 0.639565 
323 0.000170 0.005296 0.014726 0.033228 0.071461 0.143596 0.342322 0.687823 
324 0.000170 0.005309 0.014775 0.033381 0.071940 0.145045 0.348697 0.712513 
325 0.000170 0.005303 0.014750 0.033302 0.071691 0.144292 0.345378 0.699606 
326 0.000170 0.005280 0.014664 0.033035 0.070854 0.141764 0.334343 0.657500 
327 0.000169 0.005250 0.014554 0.032694 0.069792 0.138582 0.320682 0.607108 
328 0.000169 0.005226 0.014466 0.032422 0.068945 0.136063 0.310054 0.569232 
329 0.000168 0.005219 0.014437 0.032332 0.068666 0.135235 0.306596 0.557160 
330 0.000169 0.005230 0.014481 0.032467 0.069085 0.136479 0.311798 0.575368 
331 0.000169 0.005257 0.014580 0.032773 0.070037 0.139314 0.323803 0.618450 
332 0.000170 0.005286 0.014689 0.033111 0.071095 0.142490 0.337495 0.669402 
333 0.000170 0.005306 0.014762 0.033341 0.071817 0.144672 0.347049 0.706089 
334 0.000170 0.005308 0.014768 0.033360 0.071874 0.144846 0.347818 0.709086 
335 0.000170 0.005290 0.014705 0.033161 0.071251 0.142961 0.339545 0.677196 
336 0.000169 0.005263 0.014601 0.032839 0.070242 0.139927 0.326425 0.628059 
337 0.000169 0.005235 0.014499 0.032522 0.069256 0.136985 0.313926 0.582894 
338 0.000168 0.005220 0.014441 0.032344 0.068704 0.135348 0.307069 0.558802 
339 0.000168 0.005223 0.014455 0.032386 0.068833 0.135730 0.308662 0.564355 
340 0.000169 0.005245 0.014534 0.032632 0.069598 0.138004 0.318228 0.598259 
341 0.000170 0.005274 0.014645 0.032976 0.070671 0.141216 0.331971 0.648614 
342 0.000170 0.005300 0.014739 0.033267 0.071582 0.143962 0.343928 0.694002 
343 0.000170 0.005309 0.014774 0.033378 0.071933 0.145024 0.348603 0.712147 
344 0.000170 0.005299 0.014738 0.033265 0.071575 0.143941 0.343834 0.693639 
345 0.000170 0.005275 0.014647 0.032981 0.070686 0.141261 0.332165 0.649339 
346 0.000169 0.005246 0.014539 0.032646 0.069641 0.138131 0.318767 0.600197 
347 0.000168 0.005224 0.014459 0.032398 0.068870 0.135841 0.309126 0.565979 
348 0.000168 0.005219 0.014441 0.032342 0.068698 0.135330 0.306993 0.558537 
349 0.000169 0.005234 0.014495 0.032512 0.069224 0.136889 0.313522 0.581462 
350 0.000169 0.005262 0.014599 0.032832 0.070222 0.139868 0.326171 0.627124 
351 0.000170 0.005290 0.014704 0.033159 0.071244 0.142942 0.339463 0.676881 
352 0.000170 0.005307 0.014767 0.033356 0.071863 0.144811 0.347662 0.708477 
353 0.000170 0.005306 0.014761 0.033337 0.071802 0.144628 0.346857 0.705345 
354 0.000170 0.005286 0.014689 0.033114 0.071103 0.142514 0.337598 0.669791 
355 0.000169 0.005258 0.014584 0.032787 0.070080 0.139444 0.324356 0.620472 
356 0.000169 0.005232 0.014486 0.032484 0.069137 0.136632 0.312442 0.577641 
357 0.000168 0.005219 0.014439 0.032337 0.068681 0.135280 0.306784 0.557813 
358 0.000169 0.005226 0.014465 0.032418 0.068933 0.136027 0.309906 0.568712 
359 0.000169 0.005250 0.014553 0.032691 0.069780 0.138547 0.320534 0.606574 
360 0.000170 0.005279 0.014663 0.033030 0.070840 0.141724 0.334169 0.656846 
361 0.000170 0.005302 0.014748 0.033295 0.071671 0.144230 0.345104 0.698545 
362 0.000170 0.005309 0.014772 0.033371 0.071910 0.144956 0.348302 0.710974 
363 0.000170 0.005296 0.014726 0.033227 0.071458 0.143586 0.342279 0.687657 
364 0.000170 0.005271 0.014630 0.032930 0.070527 0.140782 0.330099 0.641642 
365 0.000169 0.005242 0.014524 0.032599 0.069494 0.137695 0.316922 0.593576 
366 0.000168 0.005222 0.014451 0.032375 0.068800 0.135631 0.308249 0.562916 
367 0.000168 0.005221 0.014446 0.032359 0.068749 0.135480 0.307621 0.560724 
368 0.000169 0.005238 0.014511 0.032560 0.069373 0.137334 0.315396 0.588125 
369 0.000169 0.005267 0.014617 0.032888 0.070397 0.140393 0.328424 0.635432 
370 0.000170 0.005294 0.014718 0.033202 0.071379 0.143348 0.341238 0.683662 
371 0.000170 0.005308 0.014770 0.033365 0.071890 0.144895 0.348033 0.709923 
372 0.000170 0.005303 0.014752 0.033310 0.071717 0.144371 0.345726 0.700956 
373 0.000170 0.005282 0.014674 0.033067 0.070957 0.142074 0.335687 0.662562 
374 0.000169 0.005254 0.014568 0.032736 0.069921 0.138967 0.322321 0.613051 
375 0.000169 0.005229 0.014475 0.032449 0.069030 0.136314 0.311106 0.572930 
376 0.000168 0.005219 0.014439 0.032337 0.068680 0.135276 0.306768 0.557758 
377 0.000169 0.005229 0.014477 0.032453 0.069042 0.136350 0.311258 0.573465 
378 0.000169 0.005255 0.014572 0.032748 0.069958 0.139079 0.322799 0.614790 
379 0.000170 0.005284 0.014679 0.033081 0.071000 0.142205 0.336256 0.664711 
380 0.000170 0.005304 0.014755 0.033318 0.071744 0.144452 0.346083 0.702337 
381 0.000170 0.005307 0.014767 0.033357 0.071865 0.144819 0.347697 0.708614 
382 0.000170 0.005293 0.014713 0.033187 0.071333 0.143209 0.340628 0.681329 
383 0.000169 0.005266 0.014615 0.032882 0.070376 0.140329 0.328150 0.634419 
384 0.000169 0.005238 0.014510 0.032558 0.069369 0.137321 0.315340 0.587926 
385 0.000168 0.005221 0.014446 0.032359 0.068751 0.135486 0.307645 0.560808 
386 0.000168 0.005222 0.014452 0.032377 0.068804 0.135644 0.308301 0.563097 
387 0.000169 0.005243 0.014526 0.032607 0.069521 0.137775 0.317258 0.594778 
388 0.000170 0.005272 0.014635 0.032945 0.070575 0.140927 0.330722 0.643958 
389 0.000170 0.005297 0.014730 0.033240 0.071497 0.143705 0.342802 0.689664 
390 0.000170 0.005308 0.014771 0.033367 0.071898 0.144918 0.348135 0.710319 
391 0.000170 0.005300 0.014741 0.033276 0.071610 0.144046 0.344296 0.695425 
392 0.000170 0.005278 0.014658 0.033017 0.070799 0.141599 0.333627 0.654811 
393 0.000169 0.005250 0.014554 0.032694 0.069790 0.138576 0.320658 0.607021 
394 0.000169 0.005227 0.014469 0.032430 0.068968 0.136131 0.310338 0.570229 
395 0.000168 0.005220 0.014441 0.032345 0.068705 0.135352 0.307085 0.558857 
396 0.000169 0.005232 0.014488 0.032490 0.069156 0.136687 0.312674 0.578461 
397 0.000169 0.005259 0.014588 0.032799 0.070116 0.139552 0.324818 0.622161 
398 0.000170 0.005288 0.014694 0.033129 0.071149 0.142655 0.338213 0.672127 
399 0.000170 0.005306 0.014762 0.033339 0.071809 0.144649 0.346951 0.705709 
400 0.000170 0.005306 0.014761 0.033337 0.071804 0.144633 0.346880 0.705436 
401 0.000170 0.005288 0.014697 0.033137 0.071173 0.142728 0.338529 0.673326 
402 0.000169 0.005262 0.014598 0.032828 0.070209 0.139830 0.326007 0.626524 
403 0.000169 0.005236 0.014501 0.032528 0.069273 0.137035 0.314137 0.583646 
404 0.000168 0.005221 0.014447 0.032361 0.068757 0.135504 0.307721 0.561073 
405 0.000168 0.005225 0.014463 0.032411 0.068909 0.135956 0.309606 0.567660 
406 0.000169 0.005247 0.014544 0.032661 0.069688 0.138273 0.319370 0.602367 
407 0.000170 0.005276 0.014652 0.032996 0.070733 0.141402 0.332775 0.651621 
408 0.000170 0.005300 0.014739 0.033269 0.071589 0.143983 0.344018 0.694350 
409 0.000170 0.005308 0.014770 0.033364 0.071889 0.144890 0.348014 0.709847 
410 0.000170 0.005297 0.014730 0.033239 0.071495 0.143699 0.342774 0.689559 
411 0.000170 0.005273 0.014641 0.032963 0.070629 0.141088 0.331416 0.646543 
412 0.000169 0.005246 0.014538 0.032644 0.069634 0.138110 0.318679 0.599881 
413 0.000168 0.005225 0.014462 0.032410 0.068906 0.135947 0.309570 0.567534 
414 0.000168 0.005222 0.014448 0.032367 0.068773 0.135551 0.307917 0.561757 
415 0.000169 0.005237 0.014505 0.032543 0.069320 0.137175 0.314725 0.585734 
416 0.000169 0.005264 0.014607 0.032859 0.070304 0.140115 0.327228 0.631016 
417 0.000170 0.005291 0.014707 0.033170 0.071278 0.143043 0.339904 0.678563 
418 0.000170 0.005307 0.014765 0.033348 0.071838 0.144737 0.347338 0.707215 
419 0.000170 0.005304 0.014753 0.033313 0.071727 0.144401 0.345856 0.701457 
420 0.000170 0.005284 0.014681 0.033089 0.071025 0.142281 0.336584 0.665950 
421 0.000169 0.005257 0.014580 0.032774 0.070041 0.139326 0.323854 0.618639 
422 0.000169 0.005232 0.014489 0.032491 0.069160 0.136699 0.312722 0.578630 
423 0.000168 0.005221 0.014447 0.032361 0.068756 0.135503 0.307713 0.561045 
424 0.000169 0.005229 0.014475 0.032448 0.069026 0.136301 0.311054 0.572747 
425 0.000169 0.005252 0.014563 0.032721 0.069874 0.138828 0.321731 0.610908 
426 0.000170 0.005281 0.014669 0.033050 0.070902 0.141909 0.334968 0.659851 
427 0.000170 0.005302 0.014748 0.033297 0.071677 0.144248 0.345182 0.698848 
428 0.000170 0.005307 0.014766 0.033352 0.071851 0.144775 0.347506 0.707869 
429 0.000170 0.005293 0.014716 0.033196 0.071360 0.143290 0.340982 0.682684 
430 0.000169 0.005269 0.014623 0.032908 0.070458 0.140577 0.329214 0.638358 
431 0.000169 0.005242 0.014524 0.032600 0.069497 0.137702 0.316950 0.593676 
432 0.000168 0.005224 0.014458 0.032395 0.068862 0.135816 0.309022 0.565615 
433 0.000168 0.005223 0.014455 0.032388 0.068839 0.135749 0.308742 0.564635 
434 0.000169 0.005242 0.014523 0.032596 0.069486 0.137670 0.316815 0.593190 
435 0.000169 0.005269 0.014626 0.032918 0.070490 0.140673 0.329627 0.639889 
436 0.000170 0.005295 0.014720 0.033210 0.071403 0.143421 0.341556 0.684883 
437 0.000170 0.005307 0.014766 0.033353 0.071853 0.144781 0.347533 0.707975 
438 0.000170 0.005301 0.014743 0.033282 0.071631 0.144109 0.344571 0.696484 
439 0.000170 0.005280 0.014665 0.033037 0.070860 0.141785 0.334430 0.657827 
440 0.000169 0.005253 0.014563 0.032722 0.069879 0.138842 0.321790 0.611125 
441 0.000169 0.005230 0.014479 0.032460 0.069064 0.136416 0.311534 0.574437 
442 0.000168 0.005222 0.014449 0.032368 0.068776 0.135561 0.307957 0.561896 
443 0.000169 0.005232 0.014489 0.032492 0.069163 0.136709 0.312766 0.578786 
444 0.000169 0.005258 0.014583 0.032782 0.070065 0.139399 0.324165 0.619773 
445 0.000170 0.005285 0.014685 0.033100 0.071060 0.142386 0.337042 0.667683 
446 0.000170 0.005304 0.014754 0.033316 0.071736 0.144426 0.345969 0.701897 
447 0.000170 0.005306 0.014761 0.033336 0.071800 0.144620 0.346822 0.705208 
448 0.000170 0.005290 0.014702 0.033153 0.071224 0.142879 0.339187 0.675830 
449 0.000169 0.005264 0.014605 0.032852 0.070282 0.140048 0.326942 0.629962 
450 0.000169 0.005238 0.014509 0.032555 0.069358 0.137288 0.315205 0.587442 
451 0.000168 0.005223 0.014454 0.032385 0.068829 0.135719 0.308618 0.564201 
452 0.000169 0.005226 0.014465 0.032418 0.068934 0.136028 0.309910 0.568726 
453 0.000169 0.005246 0.014541 0.032653 0.069662 0.138196 0.319042 0.601188 
454 0.000170 0.005274 0.014645 0.032974 0.070666 0.141199 0.331896 0.648333 
455 0.000170 0.005298 0.014731 0.033245 0.071513 0.143752 0.343006 0.690450 
456 0.000170 0.005307 0.014766 0.033354 0.071855 0.144789 0.347564 0.708097 
457 0.000170 0.005298 0.014732 0.033248 0.071522 0.143779 0.343124 0.690903 
458 0.000170 0.005275 0.014647 0.032983 0.070692 0.141280 0.332244 0.649635 
459 0.000169 0.005248 0.014546 0.032669 0.069712 0.138342 0.319665 0.603432 
460 0.000169 0.005227 0.014469 0.032431 0.068973 0.136144 0.310394 0.570426 
461 0.000168 0.005223 0.014453 0.032380 0.068813 0.135671 0.308417 0.563502 
462 0.000169 0.005237 0.014506 0.032543 0.069322 0.137181 0.314753 0.585834 
463 0.000169 0.005263 0.014602 0.032843 0.070257 0.139972 0.326616 0.628761 
464 0.000170 0.005289 0.014699 0.033144 0.071197 0.142799 0.338840 0.674510 
465 0.000170 0.005305 0.014759 0.033330 0.071782 0.144566 0.346583 0.704281 
466 0.000170 0.005304 0.014754 0.033316 0.071737 0.144432 0.345993 0.701988 
467 0.000170 0.005286 0.014688 0.033109 0.071088 0.142471 0.337409 0.669073 
468 0.000169 0.005259 0.014587 0.032797 0.070112 0.139539 0.324762 0.621957 
469 0.000169 0.005234 0.014494 0.032508 0.069210 0.136850 0.313358 0.580881 
470 0.000168 0.005222 0.014450 0.032372 0.068791 0.135606 0.308145 0.562552 
471 0.000169 0.005229 0.014476 0.032452 0.069037 0.136334 0.311190 0.573225 
472 0.000169 0.005252 0.014560 0.032712 0.069847 0.138747 0.321384 0.609650 
473 0.000170 0.005279 0.014663 0.033031 0.070842 0.141730 0.334192 0.656935 
474 0.000170 0.005300 0.014741 0.033273 0.071603 0.144025 0.344202 0.695061 
475 0.000170 0.005306 0.014764 0.033346 0.071831 0.144715 0.347240 0.706834 
476 0.000170 0.005295 0.014721 0.033212 0.071412 0.143446 0.341666 0.685305 
477 0.000170 0.005271 0.014631 0.032934 0.070539 0.140817 0.330250 0.642202 
478 0.000169 0.005244 0.014531 0.032621 0.069564 0.137902 0.317797 0.596711 
479 0.000168 0.005225 0.014461 0.032406 0.068895 0.135914 0.309430 0.567043 
480 0.000168 0.005223 0.014455 0.032388 0.068839 0.135749 0.308742 0.564635 
481 0.000169 0.005241 0.014519 0.032585 0.069453 0.137570 0.316395 0.591690 
482 0.000169 0.005268 0.014621 0.032901 0.070437 0.140512 0.328936 0.637328 
483 0.000170 0.005293 0.014715 0.033192 0.071348 0.143254 0.340825 0.682082 
484 0.000170 0.005306 0.014762 0.033340 0.071812 0.144656 0.346982 0.705831 
485 0.000170 0.005301 0.014745 0.033286 0.071641 0.144140 0.344708 0.697015 
486 0.000170 0.005282 0.014673 0.033062 0.070939 0.142021 0.335454 0.661683 
487 0.000169 0.005255 0.014573 0.032751 0.069969 0.139110 0.322930 0.615269 
488 0.000169 0.005231 0.014484 0.032478 0.069119 0.136577 0.312210 0.576822 
489 0.000168 0.005222 0.014451 0.032373 0.068793 0.135610 0.308161 0.562608 
490 0.000169 0.005232 0.014486 0.032483 0.069134 0.136623 0.312402 0.577500 
491 0.000169 0.005256 0.014577 0.032764 0.070007 0.139226 0.323424 0.617069 
492 0.000170 0.005283 0.014679 0.033080 0.070997 0.142195 0.336212 0.664546 
493 0.000170 0.005302 0.014749 0.033299 0.071683 0.144267 0.345268 0.699182 
494 0.000170 0.005305 0.014760 0.033334 0.071794 0.144602 0.346744 0.704904 
495 0.000170 0.005291 0.014708 0.033170 0.071279 0.143047 0.339920 0.678623 
496 0.000169 0.005266 0.014615 0.032881 0.070375 0.140327 0.328142 0.634389 
497 0.000169 0.005240 0.014517 0.032580 0.069435 0.137519 0.316179 0.590919 
498 0.000168 0.005224 0.014457 0.032394 0.068859 0.135806 0.308982 0.565475 
499 0.000169 0.005226 0.014464 0.032413 0.068918 0.135981 0.309710 0.568025 
500 0.000169 0.005245 0.014535 0.032636 0.069610 0.138039 0.318376 0.598790 
501 0.000170 0.005273 0.014638 0.032954 0.070601 0.141004 0.331055 0.645199 
502 0.000170 0.005296 0.014725 0.033226 0.071453 0.143570 0.342209 0.687385 
503 0.000170 0.005306 0.014763 0.033343 0.071822 0.144688 0.347123 0.706378 
504 0.000170 0.005299 0.014735 0.033257 0.071551 0.143867 0.343512 0.692399 
505 0.000170 0.005278 0.014656 0.033011 0.070780 0.141544 0.333389 0.653920 
506 0.000169 0.005251 0.014557 0.032701 0.069813 0.138645 0.320949 0.608075 
507 0.000169 0.005229 0.014476 0.032451 0.069036 0.136333 0.311186 0.573211 
508 0.000168 0.005223 0.014453 0.032379 0.068813 0.135669 0.308409 0.563475 
509 0.000169 0.005235 0.014500 0.032525 0.069266 0.137015 0.314053 0.583348 
510 0.000169 0.005261 0.014595 0.032820 0.070184 0.139755 0.325685 0.625341 
511 0.000170 0.005287 0.014693 0.033126 0.071140 0.142627 0.338091 0.671663 
512 0.000170 0.005304 0.014755 0.033317 0.071739 0.144436 0.346012 0.702064 
513 0.000170 0.005304 0.014754 0.033314 0.071731 0.144413 0.345910 0.701669 
514 0.000170 0.005287 0.014693 0.033126 0.071141 0.142630 0.338103 0.671707 
515 0.000169 0.005262 0.014598 0.032831 0.070216 0.139851 0.326099 0.626860 
516 0.000169 0.005237 0.014505 0.032542 0.069319 0.137172 0.314713 0.585692 
517 0.000168 0.005223 0.014456 0.032389 0.068841 0.135754 0.308762 0.564705 
518 0.000169 0.005228 0.014472 0.032441 0.069003 0.136233 0.310766 0.571733 
519 0.000169 0.005250 0.014553 0.032689 0.069776 0.138534 0.320479 0.606372 
520 0.000170 0.005277 0.014655 0.033007 0.070766 0.141502 0.333207 0.653237 
521 0.000170 0.005299 0.014735 0.033256 0.071549 0.143863 0.343492 0.692324 
522 0.000170 0.005306 0.014762 0.033339 0.071809 0.144649 0.346951 0.705709 
523 0.000170 0.005296 0.014723 0.033220 0.071435 0.143516 0.341973 0.686480 
524 0.000170 0.005273 0.014640 0.032960 0.070620 0.141061 0.331301 0.646115 
525 0.000169 0.005247 0.014542 0.032656 0.069672 0.138223 0.319158 0.601605 
526 0.000169 0.005227 0.014470 0.032432 0.068975 0.136151 0.310422 0.570524 
527 0.000168 0.005224 0.014458 0.032396 0.068864 0.135821 0.309042 0.565685 
528 0.000169 0.005239 0.014515 0.032572 0.069409 0.137442 0.315852 0.589750 
529 0.000169 0.005266 0.014613 0.032875 0.070356 0.140271 0.327900 0.633494 
530 0.000170 0.005291 0.014707 0.033169 0.071274 0.143032 0.339857 0.678383 
531 0.000170 0.005305 0.014758 0.033329 0.071777 0.144551 0.346517 0.704023 
532 0.000170 0.005301 0.014745 0.033287 0.071645 0.144152 0.344763 0.697227 
533 0.000170 0.005283 0.014677 0.033077 0.070986 0.142163 0.336070 0.664009 
534 0.000169 0.005258 0.014582 0.032780 0.070059 0.139381 0.324089 0.619497 
535 0.000169 0.005234 0.014496 0.032513 0.069229 0.136905 0.313590 0.581703 
536 0.000168 0.005224 0.014456 0.032391 0.068848 0.135773 0.308842 0.564985 
537 0.000169 0.005231 0.014484 0.032477 0.069114 0.136565 0.312158 0.576638 
538 0.000169 0.005254 0.014570 0.032744 0.069947 0.139045 0.322655 0.614268 
539 0.000170 0.005282 0.014671 0.033058 0.070927 0.141984 0.335296 0.661087 
540 0.000170 0.005301 0.014744 0.033283 0.071632 0.144114 0.344594 0.696575 
541 0.000170 0.005305 0.014758 0.033328 0.071773 0.144539 0.346466 0.703825 
542 0.000170 0.005292 0.014709 0.033175 0.071295 0.143095 0.340132 0.679435 
543 0.000169 0.005268 0.014622 0.032904 0.070444 0.140534 0.329032 0.637681 
544 0.000169 0.005243 0.014529 0.032614 0.069542 0.137838 0.317525 0.595737 
545 0.000169 0.005227 0.014467 0.032424 0.068951 0.136081 0.310130 0.569499 
546 0.000169 0.005226 0.014467 0.032423 0.068947 0.136068 0.310078 0.569316 
547 0.000169 0.005244 0.014532 0.032625 0.069576 0.137938 0.317949 0.597255 
548 0.000170 0.005271 0.014631 0.032931 0.070531 0.140793 0.330147 0.641819 
549 0.000170 0.005294 0.014718 0.033203 0.071382 0.143358 0.341281 0.683828 
550 0.000170 0.005305 0.014760 0.033333 0.071791 0.144594 0.346708 0.704767 
551 0.000170 0.005299 0.014736 0.033260 0.071559 0.143892 0.343622 0.692822 
552 0.000170 0.005279 0.014660 0.033023 0.070817 0.141654 0.333864 0.655702 
553 0.000169 0.005253 0.014563 0.032723 0.069880 0.138845 0.321802 0.611169 
554 0.000169 0.005232 0.014486 0.032482 0.069131 0.136614 0.312366 0.577372 
555 0.000168 0.005225 0.014460 0.032403 0.068885 0.135883 0.309302 0.566595 
556 0.000169 0.005236 0.014501 0.032528 0.069273 0.137037 0.314145 0.583675 
557 0.000169 0.005260 0.014590 0.032805 0.070137 0.139615 0.325088 0.623153 
558 0.000170 0.005286 0.014686 0.033104 0.071070 0.142416 0.337172 0.668176 
559 0.000170 0.005302 0.014749 0.033300 0.071685 0.144273 0.345296 0.699288 
560 0.000170 0.005303 0.014753 0.033312 0.071725 0.144393 0.345820 0.701320 
561 0.000170 0.005288 0.014696 0.033134 0.071166 0.142704 0.338426 0.672936 
562 0.000169 0.005263 0.014604 0.032847 0.070268 0.140006 0.326763 0.629303 
563 0.000169 0.005239 0.014513 0.032566 0.069392 0.137390 0.315632 0.588966 
564 0.000168 0.005225 0.014462 0.032409 0.068905 0.135944 0.309558 0.567492 
565 0.000169 0.005229 0.014476 0.032452 0.069038 0.136337 0.311202 0.573268 
566 0.000169 0.005249 0.014551 0.032685 0.069762 0.138494 0.320307 0.605752 
567 0.000170 0.005276 0.014650 0.032991 0.070717 0.141354 0.332565 0.650835 
568 0.000170 0.005297 0.014729 0.033237 0.071489 0.143680 0.342692 0.689242 
569 0.000170 0.005305 0.014758 0.033329 0.071777 0.144552 0.346521 0.704038 
570 0.000170 0.005296 0.014725 0.033224 0.071447 0.143552 0.342130 0.687084 
571 0.000170 0.005274 0.014644 0.032973 0.070661 0.141185 0.331836 0.648111 
572 0.000169 0.005248 0.014548 0.032675 0.069730 0.138399 0.319904 0.604296 
573 0.000169 0.005229 0.014477 0.032454 0.069043 0.136353 0.311270 0.573507 
574 0.000168 0.005225 0.014462 0.032410 0.068907 0.135950 0.309582 0.567576 
575 0.000169 0.005239 0.014515 0.032573 0.069413 0.137451 0.315892 0.589892 
576 0.000169 0.005265 0.014610 0.032866 0.070328 0.140186 0.327534 0.632145 
577 0.000170 0.005290 0.014701 0.033150 0.071216 0.142855 0.339084 0.675440 
578 0.000170 0.005304 0.014753 0.033313 0.071727 0.144401 0.345856 0.701457 
579 0.000170 0.005301 0.014746 0.033289 0.071651 0.144170 0.344841 0.697530 
580 0.000170 0.005284 0.014681 0.033088 0.071020 0.142264 0.336513 0.665681 
581 0.000169 0.005259 0.014586 0.032794 0.070101 0.139507 0.324627 0.621462 
582 0.000169 0.005236 0.014501 0.032529 0.069276 0.137045 0.314177 0.583788 
583 0.000168 0.005225 0.014461 0.032405 0.068893 0.135908 0.309406 0.566959 
584 0.000169 0.005232 0.014487 0.032485 0.069139 0.136638 0.312466 0.577726 
585 0.000169 0.005254 0.014569 0.032740 0.069935 0.139009 0.322500 0.613703 
586 0.000170 0.005280 0.014667 0.033044 0.070882 0.141849 0.334711 0.658884 
587 0.000170 0.005299 0.014738 0.033265 0.071576 0.143943 0.343846 0.693684 
588 0.000170 0.005304 0.014756 0.033320 0.071750 0.144471 0.346165 0.702656 
589 0.000170 0.005293 0.014713 0.033187 0.071331 0.143204 0.340608 0.681254 
590 0.000169 0.005270 0.014627 0.032921 0.070498 0.140695 0.329723 0.640242 
591 0.000169 0.005244 0.014532 0.032626 0.069579 0.137947 0.317989 0.597399 
592 0.000169 0.005227 0.014470 0.032433 0.068978 0.136160 0.310462 0.570665 
593 0.000169 0.005227 0.014468 0.032428 0.068963 0.136114 0.310270 0.569990 
594 0.000169 0.005244 0.014531 0.032623 0.069569 0.137919 0.317869 0.596969 
595 0.000169 0.005270 0.014628 0.032924 0.070508 0.140724 0.329850 0.640714 
596 0.000170 0.005293 0.014714 0.033189 0.071338 0.143224 0.340695 0.681585 
597 0.000170 0.005304 0.014755 0.033320 0.071748 0.144463 0.346130 0.702519 
598 0.000170 0.005299 0.014737 0.033261 0.071564 0.143906 0.343681 0.693049 
599 0.000170 0.005280 0.014666 0.033042 0.070877 0.141836 0.334651 0.658660 
600 0.000169 0.005254 0.014570 0.032743 0.069943 0.139035 0.322611 0.614109 
601 0.000169 0.005233 0.014489 0.032493 0.069166 0.136718 0.312802 0.578913 
602 0.000168 0.005225 0.014461 0.032405 0.068893 0.135908 0.309406 0.566959 
603 0.000169 0.005235 0.014499 0.032523 0.069260 0.136996 0.313974 0.583064 
604 0.000169 0.005259 0.014588 0.032797 0.070112 0.139540 0.324766 0.621972 
605 0.000170 0.005284 0.014682 0.033091 0.071030 0.142296 0.336651 0.666204 
606 0.000170 0.005301 0.014744 0.033285 0.071639 0.144135 0.344688 0.696939 
607 0.000170 0.005303 0.014752 0.033309 0.071714 0.144360 0.345675 0.700759 
608 0.000170 0.005289 0.014700 0.033147 0.071207 0.142829 0.338970 0.675005 
609 0.000169 0.005265 0.014610 0.032869 0.070335 0.140206 0.327622 0.632467 
610 0.000169 0.005240 0.014518 0.032583 0.069444 0.137544 0.316283 0.591290 
611 0.000169 0.005226 0.014465 0.032417 0.068930 0.136017 0.309862 0.568558 
612 0.000169 0.005229 0.014475 0.032450 0.069031 0.136316 0.311114 0.572958 
613 0.000169 0.005248 0.014548 0.032674 0.069729 0.138395 0.319888 0.604239 
614 0.000170 0.005275 0.014646 0.032978 0.070677 0.141234 0.332046 0.648895 
615 0.000170 0.005296 0.014724 0.033223 0.071445 0.143547 0.342106 0.686993 
616 0.000170 0.005304 0.014755 0.033320 0.071748 0.144465 0.346137 0.702550 
617 0.000170 0.005296 0.014727 0.033230 0.071466 0.143612 0.342393 0.688094 
618 0.000170 0.005276 0.014651 0.032994 0.070728 0.141386 0.332704 0.651354 
619 0.000169 0.005250 0.014555 0.032696 0.069798 0.138601 0.320762 0.607397 
620 0.000169 0.005230 0.014481 0.032467 0.069085 0.136478 0.311794 0.575354 
621 0.000168 0.005225 0.014463 0.032411 0.068911 0.135959 0.309622 0.567716 
622 0.000169 0.005238 0.014511 0.032560 0.069374 0.137338 0.315412 0.588182 
623 0.000169 0.005264 0.014605 0.032852 0.070284 0.140054 0.326970 0.630064 
624 0.000170 0.005288 0.014697 0.033138 0.071179 0.142744 0.338600 0.673595 
625 0.000170 0.005303 0.014750 0.033303 0.071696 0.144305 0.345437 0.699834 
626 0.000170 0.005301 0.014744 0.033283 0.071632 0.144111 0.344583 0.696530 
627 0.000170 0.005285 0.014685 0.033100 0.071060 0.142384 0.337034 0.667653 
628 0.000169 0.005261 0.014596 0.032824 0.070196 0.139791 0.325840 0.625911 
629 0.000169 0.005238 0.014509 0.032553 0.069351 0.137269 0.315121 0.587143 
630 0.000169 0.005226 0.014464 0.032414 0.068921 0.135991 0.309754 0.568179 
631 0.000169 0.005231 0.014484 0.032478 0.069119 0.136577 0.312210 0.576822 
632 0.000169 0.005253 0.014563 0.032723 0.069880 0.138844 0.321798 0.611154 
633 0.000170 0.005279 0.014662 0.033027 0.070831 0.141695 0.334042 0.656370 
634 0.000170 0.005299 0.014735 0.033255 0.071544 0.143845 0.343414 0.692021 
635 0.000170 0.005304 0.014753 0.033313 0.071727 0.144402 0.345859 0.701472 
636 0.000170 0.005293 0.014714 0.033189 0.071338 0.143225 0.340699 0.681600 
637 0.000170 0.005271 0.014634 0.032940 0.070559 0.140879 0.330516 0.643191 
638 0.000169 0.005247 0.014542 0.032655 0.069669 0.138215 0.319122 0.601476 
639 0.000169 0.005229 0.014477 0.032456 0.069051 0.136375 0.311362 0.573831 
640 0.000169 0.005228 0.014471 0.032435 0.068985 0.136181 0.310550 0.570974 
641 0.000169 0.005243 0.014527 0.032610 0.069528 0.137796 0.317350 0.595107 
642 0.000169 0.005268 0.014622 0.032904 0.070444 0.140534 0.329032 0.637681 
643 0.000170 0.005292 0.014709 0.033175 0.071294 0.143092 0.340116 0.679374 
644 0.000170 0.005303 0.014753 0.033310 0.071719 0.144377 0.345750 0.701047 
645 0.000170 0.005299 0.014736 0.033258 0.071554 0.143878 0.343559 0.692581 
646 0.000170 0.005281 0.014669 0.033051 0.070905 0.141920 0.335015 0.660030 
647 0.000169 0.005257 0.014578 0.032769 0.070023 0.139274 0.323631 0.617825 
648 0.000169 0.005235 0.014499 0.032522 0.069254 0.136980 0.313906 0.582823 
649 0.000169 0.005226 0.014466 0.032422 0.068944 0.136059 0.310038 0.569176 
650 0.000169 0.005235 0.014498 0.032521 0.069251 0.136972 0.313870 0.582695 
651 0.000169 0.005258 0.014583 0.032784 0.070070 0.139412 0.324221 0.619977 
652 0.000170 0.005283 0.014677 0.033075 0.070981 0.142146 0.335999 0.663741 
653 0.000170 0.005300 0.014740 0.033273 0.071601 0.144018 0.344175 0.694955 
654 0.000170 0.005302 0.014749 0.033298 0.071681 0.144262 0.345245 0.699091 
655 0.000170 0.005289 0.014701 0.033149 0.071212 0.142845 0.339041 0.675275 
656 0.000169 0.005267 0.014617 0.032889 0.070398 0.140395 0.328432 0.635461 
657 0.000169 0.005243 0.014527 0.032611 0.069532 0.137808 0.317402 0.595293 
658 0.000169 0.005228 0.014473 0.032443 0.069009 0.136251 0.310842 0.572001 
659 0.000169 0.005230 0.014479 0.032460 0.069064 0.136416 0.311534 0.574437 
660 0.000169 0.005248 0.014545 0.032665 0.069701 0.138310 0.319525 0.602929 
661 0.000170 0.005273 0.014640 0.032962 0.070626 0.141079 0.331381 0.646410 
662 0.000170 0.005295 0.014720 0.033208 0.071399 0.143407 0.341497 0.684657 
663 0.000170 0.005303 0.014752 0.033310 0.071719 0.144375 0.345742 0.701017 
664 0.000170 0.005296 0.014725 0.033225 0.071451 0.143565 0.342185 0.687295 
665 0.000170 0.005277 0.014653 0.033000 0.070747 0.141444 0.332953 0.652288 
666 0.000169 0.005252 0.014562 0.032719 0.069869 0.138812 0.321663 0.610662 
667 0.000169 0.005233 0.014490 0.032496 0.069175 0.136744 0.312914 0.579309 
668 0.000169 0.005227 0.014470 0.032433 0.068978 0.136161 0.310466 0.570679 
669 0.000169 0.005239 0.014513 0.032566 0.069392 0.137392 0.315640 0.588994 
670 0.000169 0.005263 0.014602 0.032841 0.070249 0.139950 0.326521 0.628410 
671 0.000170 0.005287 0.014691 0.033120 0.071123 0.142575 0.337862 0.670794 
672 0.000170 0.005302 0.014746 0.033289 0.071653 0.144175 0.344865 0.697621 
673 0.000170 0.005301 0.014742 0.033278 0.071617 0.144067 0.344387 0.695773 
674 0.000170 0.005285 0.014685 0.033101 0.071063 0.142393 0.337073 0.667802 
675 0.000169 0.005262 0.014600 0.032835 0.070231 0.139894 0.326282 0.627533 
676 0.000169 0.005240 0.014515 0.032574 0.069416 0.137461 0.315932 0.590035 
677 0.000169 0.005228 0.014472 0.032439 0.068996 0.136214 0.310686 0.571452 
678 0.000169 0.005233 0.014489 0.032493 0.069167 0.136720 0.312810 0.578942 
679 0.000169 0.005253 0.014564 0.032724 0.069883 0.138856 0.321846 0.611328 
680 0.000170 0.005278 0.014658 0.033016 0.070796 0.141592 0.333595 0.654692 
681 0.000170 0.005297 0.014729 0.033237 0.071487 0.143674 0.342664 0.689136 
682 0.000170 0.005303 0.014750 0.033302 0.071694 0.144299 0.345409 0.699727 
683 0.000170 0.005293 0.014713 0.033188 0.071336 0.143218 0.340667 0.681480 
684 0.000170 0.005272 0.014636 0.032948 0.070584 0.140954 0.330841 0.644401 
685 0.000169 0.005248 0.014546 0.032670 0.069715 0.138354 0.319713 0.603605 
686 0.000169 0.005231 0.014484 0.032475 0.069110 0.136552 0.312106 0.576454 
687 0.000169 0.005229 0.014476 0.032452 0.069037 0.136336 0.311198 0.573253 
688 0.000169 0.005243 0.014530 0.032618 0.069554 0.137873 0.317673 0.596267 
689 0.000169 0.005268 0.014621 0.032901 0.070435 0.140508 0.328917 0.637254 
690 0.000170 0.005290 0.014704 0.033159 0.071243 0.142937 0.339443 0.676806 
691 0.000170 0.005302 0.014748 0.033296 0.071674 0.144240 0.345151 0.698727 
692 0.000170 0.005299 0.014735 0.033255 0.071546 0.143853 0.343449 0.692157 
693 0.000170 0.005281 0.014671 0.033055 0.070919 0.141961 0.335197 0.660715 
694 0.000169 0.005257 0.014581 0.032778 0.070053 0.139363 0.324010 0.619206 
695 0.000169 0.005236 0.014503 0.032534 0.069293 0.137097 0.314397 0.584569 
696 0.000169 0.005228 0.014472 0.032440 0.069000 0.136225 0.310734 0.571621 
697 0.000169 0.005236 0.014503 0.032535 0.069296 0.137105 0.314433 0.584697 
698 0.000169 0.005258 0.014583 0.032784 0.070071 0.139416 0.324237 0.620035 
699 0.000170 0.005282 0.014673 0.033064 0.070947 0.142045 0.335561 0.662085 
700 0.000170 0.005299 0.014735 0.033257 0.071552 0.143872 0.343532 0.692475 
701 0.000170 0.005302 0.014747 0.033292 0.071661 0.144199 0.344971 0.698030 
702 0.000170 0.005290 0.014702 0.033153 0.071224 0.142880 0.339195 0.675860 
703 0.000169 0.005268 0.014619 0.032896 0.070420 0.140462 0.328722 0.636534 
704 0.000169 0.005244 0.014531 0.032620 0.069562 0.137895 0.317769 0.596610 
705 0.000169 0.005229 0.014477 0.032454 0.069043 0.136353 0.311270 0.573507 
706 0.000169 0.005231 0.014482 0.032471 0.069097 0.136513 0.311942 0.575876 
707 0.000169 0.005248 0.014547 0.032673 0.069724 0.138381 0.319828 0.604023 
708 0.000170 0.005273 0.014640 0.032960 0.070622 0.141068 0.331329 0.646218 
709 0.000170 0.005293 0.014715 0.033194 0.071355 0.143274 0.340915 0.682428 
710 0.000170 0.005302 0.014748 0.033296 0.071675 0.144243 0.345163 0.698772 
711 0.000170 0.005296 0.014725 0.033225 0.071450 0.143563 0.342177 0.687265 
712 0.000170 0.005277 0.014656 0.033011 0.070780 0.141542 0.333381 0.653890 
713 0.000169 0.005253 0.014567 0.032732 0.069910 0.138934 0.322181 0.612544 
714 0.000169 0.005234 0.014493 0.032504 0.069200 0.136819 0.313226 0.580414 
715 0.000169 0.005228 0.014472 0.032439 0.068999 0.136221 0.310718 0.571564 
716 0.000169 0.005239 0.014514 0.032570 0.069405 0.137429 0.315796 0.589550 
717 0.000169 0.005263 0.014602 0.032841 0.070249 0.139950 0.326521 0.628410 
718 0.000170 0.005286 0.014689 0.033113 0.071100 0.142506 0.337563 0.669657 
719 0.000170 0.005300 0.014741 0.033276 0.071611 0.144050 0.344312 0.695485 
720 0.000170 0.005300 0.014740 0.033271 0.071596 0.144005 0.344116 0.694728 
721 0.000170 0.005286 0.014687 0.033108 0.071082 0.142453 0.337334 0.668789 
722 0.000169 0.005263 0.014604 0.032848 0.070270 0.140012 0.326787 0.629391 
723 0.000169 0.005241 0.014520 0.032587 0.069456 0.137582 0.316443 0.591861 
724 0.000169 0.005229 0.014475 0.032449 0.069029 0.136310 0.311090 0.572873 
725 0.000169 0.005233 0.014490 0.032496 0.069176 0.136747 0.312926 0.579352 
726 0.000169 0.005252 0.014563 0.032721 0.069873 0.138825 0.321715 0.610850 
727 0.000170 0.005277 0.014656 0.033010 0.070778 0.141536 0.333353 0.653786 
728 0.000170 0.005296 0.014726 0.033227 0.071457 0.143584 0.342271 0.687627 
729 0.000170 0.005302 0.014747 0.033293 0.071664 0.144210 0.345018 0.698212 
730 0.000170 0.005293 0.014713 0.033187 0.071332 0.143205 0.340612 0.681269 
731 0.000170 0.005273 0.014640 0.032961 0.070623 0.141071 0.331345 0.646277 
732 0.000169 0.005249 0.014552 0.032687 0.069769 0.138512 0.320387 0.606040 
733 0.000169 0.005232 0.014487 0.032486 0.069144 0.136651 0.312522 0.577924 
734 0.000169 0.005229 0.014478 0.032457 0.069053 0.136384 0.311398 0.573958 
735 0.000169 0.005243 0.014530 0.032618 0.069552 0.137868 0.317653 0.596195 
736 0.000169 0.005268 0.014619 0.032896 0.070419 0.140460 0.328710 0.636490 
737 0.000170 0.005290 0.014702 0.033152 0.071221 0.142870 0.339148 0.675680 
738 0.000170 0.005301 0.014744 0.033284 0.071637 0.144127 0.344653 0.696803 
739 0.000170 0.005298 0.014732 0.033246 0.071517 0.143764 0.343057 0.690646 
740 0.000170 0.005282 0.014673 0.033064 0.070947 0.142045 0.335561 0.662085 
741 0.000169 0.005259 0.014588 0.032799 0.070119 0.139560 0.324854 0.622293 
742 0.000169 0.005238 0.014508 0.032552 0.069350 0.137264 0.315101 0.587072 
743 0.000169 0.005229 0.014475 0.032448 0.069025 0.136300 0.311046 0.572718 
744 0.000169 0.005236 0.014503 0.032535 0.069296 0.137104 0.314425 0.584669 
745 0.000169 0.005257 0.014581 0.032778 0.070052 0.139359 0.323994 0.619148 
746 0.000170 0.005281 0.014671 0.033057 0.070924 0.141977 0.335264 0.660968 
747 0.000170 0.005298 0.014732 0.033248 0.071523 0.143782 0.343139 0.690963 
748 0.000170 0.005301 0.014743 0.033282 0.071629 0.144103 0.344547 0.696394 
749 0.000170 0.005289 0.014700 0.033148 0.071210 0.142839 0.339014 0.675170 
750 0.000169 0.005269 0.014624 0.032910 0.070463 0.140592 0.329278 0.638593 
751 0.000169 0.005246 0.014539 0.032646 0.069640 0.138130 0.318763 0.600183 
752 0.000169 0.005231 0.014483 0.032475 0.069108 0.136546 0.312082 0.576370 
753 0.000169 0.005231 0.014485 0.032479 0.069122 0.136586 0.312250 0.576963 
754 0.000169 0.005248 0.014545 0.032667 0.069705 0.138323 0.319581 0.603130 
755 0.000170 0.005272 0.014637 0.032950 0.070588 0.140967 0.330897 0.644608 
756 0.000170 0.005293 0.014713 0.033188 0.071334 0.143211 0.340640 0.681374 
757 0.000170 0.005301 0.014745 0.033286 0.071643 0.144145 0.344732 0.697105 
758 0.000170 0.005295 0.014722 0.033214 0.071417 0.143463 0.341741 0.685591 
759 0.000170 0.005278 0.014657 0.033014 0.070789 0.141571 0.333504 0.654350 
760 0.000169 0.005255 0.014573 0.032753 0.069974 0.139128 0.323006 0.615545 
761 0.000169 0.005236 0.014501 0.032528 0.069275 0.137042 0.314165 0.583746 
762 0.000169 0.005230 0.014478 0.032459 0.069060 0.136403 0.311478 0.574240 
763 0.000169 0.005240 0.014516 0.032576 0.069422 0.137480 0.316012 0.590320 
764 0.000169 0.005262 0.014599 0.032833 0.070225 0.139878 0.326214 0.627284 
765 0.000170 0.005285 0.014686 0.033104 0.071070 0.142415 0.337168 0.668161 
766 0.000170 0.005299 0.014738 0.033265 0.071576 0.143944 0.343849 0.693700 
767 0.000170 0.005299 0.014736 0.033259 0.071559 0.143891 0.343614 0.692792 
768 0.000170 0.005285 0.014685 0.033101 0.071063 0.142393 0.337073 0.667802 
769 0.000169 0.005264 0.014608 0.032861 0.070310 0.140132 0.327304 0.631295 
770 0.000169 0.005243 0.014528 0.032613 0.069538 0.137824 0.317466 0.595522 
771 0.000169 0.005231 0.014483 0.032472 0.069101 0.136525 0.311990 0.576045 
772 0.000169 0.005234 0.014495 0.032511 0.069221 0.136881 0.313490 0.581349 
773 0.000169 0.005252 0.014563 0.032721 0.069875 0.138831 0.321743 0.610952 
774 0.000170 0.005277 0.014653 0.033001 0.070749 0.141451 0.332985 0.652407 
775 0.000170 0.005295 0.014722 0.033216 0.071422 0.143478 0.341808 0.685847 
776 0.000170 0.005301 0.014743 0.033282 0.071630 0.144106 0.344559 0.696439 
777 0.000170 0.005292 0.014709 0.033175 0.071294 0.143093 0.340120 0.679389 
778 0.000170 0.005273 0.014640 0.032959 0.070617 0.141054 0.331270 0.645996 
779 0.000169 0.005251 0.014558 0.032707 0.069832 0.138701 0.321188 0.608942 
780 0.000169 0.005234 0.014496 0.032514 0.069232 0.136913 0.313622 0.581816 
781 0.000169 0.005232 0.014486 0.032481 0.069129 0.136607 0.312338 0.577274 
782 0.000169 0.005244 0.014533 0.032629 0.069587 0.137970 0.318084 0.597743 
783 0.000169 0.005267 0.014617 0.032890 0.070403 0.140410 0.328496 0.635696 
784 0.000170 0.005289 0.014698 0.033140 0.071183 0.142758 0.338659 0.673820 
785 0.000170 0.005300 0.014741 0.033274 0.071604 0.144026 0.344210 0.695092 
786 0.000170 0.005297 0.014728 0.033235 0.071482 0.143660 0.342601 0.688894 
787 0.000170 0.005281 0.014670 0.033054 0.070916 0.141951 0.335153 0.660551 
788 0.000169 0.005260 0.014590 0.032805 0.070135 0.139609 0.325061 0.623051 
789 0.000169 0.005240 0.014516 0.032575 0.069419 0.137470 0.315972 0.590177 
790 0.000169 0.005231 0.014484 0.032476 0.069112 0.136557 0.312126 0.576525 
791 0.000169 0.005238 0.014510 0.032557 0.069364 0.137305 0.315276 0.587698 
792 0.000169 0.005258 0.014584 0.032786 0.070076 0.139433 0.324308 0.620297 
793 0.000170 0.005281 0.014669 0.033050 0.070902 0.141910 0.334972 0.659866 
794 0.000170 0.005297 0.014728 0.033234 0.071478 0.143647 0.342546 0.688683 
795 0.000170 0.005300 0.014739 0.033268 0.071585 0.143971 0.343967 0.694153 
796 0.000170 0.005289 0.014697 0.033139 0.071180 0.142748 0.338615 0.673655 
797 0.000169 0.005269 0.014624 0.032911 0.070466 0.140600 0.329314 0.638726 
798 0.000169 0.005247 0.014543 0.032658 0.069679 0.138246 0.319254 0.601950 
799 0.000169 0.005233 0.014489 0.032493 0.069166 0.136719 0.312806 0.578928 
800 0.000169 0.005234 0.014493 0.032504 0.069200 0.136819 0.313226 0.580414 
801 0.000169 0.005249 0.014551 0.032685 0.069762 0.138492 0.320299 0.605723 
802 0.000170 0.005272 0.014637 0.032951 0.070593 0.140982 0.330960 0.644844 
803 0.000170 0.005292 0.014709 0.033175 0.071295 0.143094 0.340128 0.679420 
804 0.000170 0.005300 0.014740 0.033272 0.071599 0.144012 0.344147 0.694849 
805 0.000170 0.005294 0.014718 0.033203 0.071382 0.143357 0.341277 0.683813 
806 0.000170 0.005277 0.014655 0.033008 0.070770 0.141514 0.333258 0.653430 
807 0.000169 0.005256 0.014575 0.032757 0.069988 0.139169 0.323181 0.616183 
808 0.000169 0.005237 0.014506 0.032546 0.069330 0.137205 0.314853 0.586189 
809 0.000169 0.005232 0.014486 0.032482 0.069130 0.136610 0.312350 0.577316 
810 0.000169 0.005241 0.014522 0.032595 0.069484 0.137663 0.316787 0.593090 
811 0.000169 0.005263 0.014602 0.032843 0.070256 0.139971 0.326612 0.628747 
812 0.000170 0.005285 0.014685 0.033099 0.071057 0.142377 0.337002 0.667533 
813 0.000170 0.005298 0.014733 0.033250 0.071529 0.143801 0.343222 0.691281 
814 0.000170 0.005298 0.014732 0.033247 0.071520 0.143775 0.343108 0.690842 
815 0.000170 0.005285 0.014683 0.033094 0.071040 0.142324 0.336773 0.666667 
816 0.000169 0.005264 0.014608 0.032859 0.070306 0.140121 0.327256 0.631119 
817 0.000169 0.005244 0.014531 0.032621 0.069564 0.137903 0.317801 0.596725 
818 0.000169 0.005232 0.014488 0.032489 0.069153 0.136680 0.312642 0.578348 
819 0.000169 0.005236 0.014502 0.032532 0.069285 0.137073 0.314297 0.584214 
820 0.000169 0.005254 0.014569 0.032740 0.069934 0.139007 0.322492 0.613674 
821 0.000170 0.005277 0.014655 0.033006 0.070765 0.141498 0.333191 0.653178 
822 0.000170 0.005294 0.014718 0.033202 0.071379 0.143347 0.341234 0.683647 
823 0.000170 0.005299 0.014738 0.033265 0.071577 0.143945 0.343853 0.693715 
824 0.000170 0.005291 0.014707 0.033168 0.071271 0.143023 0.339817 0.678232 
825 0.000170 0.005273 0.014640 0.032961 0.070624 0.141073 0.331353 0.646307 
826 0.000169 0.005252 0.014560 0.032711 0.069844 0.138738 0.321348 0.609520 
827 0.000169 0.005235 0.014499 0.032522 0.069256 0.136986 0.313930 0.582908 
828 0.000169 0.005233 0.014491 0.032497 0.069179 0.136756 0.312962 0.579479 
829 0.000169 0.005246 0.014539 0.032645 0.069639 0.138125 0.318743 0.600111 
830 0.000169 0.005268 0.014621 0.032902 0.070438 0.140517 0.328956 0.637402 
831 0.000170 0.005288 0.014697 0.033137 0.071176 0.142734 0.338556 0.673431 
832 0.000170 0.005299 0.014735 0.033256 0.071549 0.143861 0.343485 0.692293 
833 0.000170 0.005296 0.014724 0.033221 0.071440 0.143531 0.342040 0.686737 
834 0.000170 0.005281 0.014670 0.033052 0.070910 0.141933 0.335074 0.660253 
835 0.000169 0.005260 0.014592 0.032811 0.070155 0.139667 0.325311 0.623969 
836 0.000169 0.005241 0.014519 0.032586 0.069455 0.137577 0.316423 0.591790 
837 0.000169 0.005232 0.014488 0.032488 0.069150 0.136669 0.312598 0.578192 
838 0.000169 0.005239 0.014514 0.032569 0.069402 0.137420 0.315760 0.589422 
839 0.000169 0.005259 0.014587 0.032796 0.070109 0.139530 0.324722 0.621812 
840 0.000170 0.005281 0.014670 0.033054 0.070914 0.141945 0.335126 0.660447 
841 0.000170 0.005296 0.014725 0.033224 0.071447 0.143553 0.342134 0.687099 
842 0.000170 0.005298 0.014733 0.033251 0.071532 0.143810 0.343261 0.691432 
843 0.000170 0.005288 0.014695 0.033130 0.071154 0.142670 0.338276 0.672367 
844 0.000169 0.005269 0.014625 0.032914 0.070475 0.140628 0.329433 0.639167 
845 0.000169 0.005248 0.014546 0.032670 0.069715 0.138353 0.319709 0.603591 
846 0.000169 0.005234 0.014494 0.032509 0.069214 0.136860 0.313398 0.581023 
847 0.000169 0.005235 0.014497 0.032518 0.069243 0.136946 0.313762 0.582312 
848 0.000169 0.005250 0.014554 0.032695 0.069792 0.138584 0.320690 0.607137 
849 0.000170 0.005273 0.014639 0.032958 0.070613 0.141042 0.331218 0.645804 
850 0.000170 0.005291 0.014708 0.033171 0.071282 0.143054 0.339951 0.678743 
851 0.000170 0.005299 0.014735 0.033255 0.071544 0.143846 0.343418 0.692036 
852 0.000170 0.005293 0.014714 0.033189 0.071339 0.143228 0.340711 0.681645 
853 0.000170 0.005277 0.014655 0.033007 0.070769 0.141509 0.333239 0.653356 
854 0.000169 0.005257 0.014578 0.032769 0.070023 0.139273 0.323627 0.617810 
855 0.000169 0.005239 0.014512 0.032563 0.069382 0.137359 0.315504 0.588510 
856 0.000169 0.005233 0.014491 0.032497 0.069178 0.136753 0.312950 0.579437 
857 0.000169 0.005242 0.014525 0.032605 0.069513 0.137751 0.317158 0.594420 
858 0.000169 0.005264 0.014605 0.032850 0.070277 0.140034 0.326882 0.629742 
859 0.000170 0.005285 0.014685 0.033100 0.071059 0.142382 0.337022 0.667608 
860 0.000170 0.005297 0.014730 0.033239 0.071496 0.143700 0.342778 0.689574 
861 0.000170 0.005296 0.014726 0.033229 0.071462 0.143600 0.342338 0.687883 
862 0.000170 0.005284 0.014679 0.033082 0.071002 0.142210 0.336276 0.664785 
863 0.000169 0.005265 0.014610 0.032866 0.070327 0.140182 0.327518 0.632086 
864 0.000169 0.005246 0.014538 0.032643 0.069631 0.138104 0.318651 0.599780 
865 0.000169 0.005234 0.014495 0.032512 0.069223 0.136887 0.313514 0.581434 
866 0.000169 0.005237 0.014507 0.032547 0.069333 0.137215 0.314893 0.586332 
867 0.000169 0.005254 0.014570 0.032744 0.069946 0.139043 0.322643 0.614225 
868 0.000170 0.005277 0.014655 0.033007 0.070768 0.141508 0.333231 0.653326 
869 0.000170 0.005294 0.014717 0.033199 0.071370 0.143319 0.341112 0.683181 
870 0.000170 0.005298 0.014733 0.033249 0.071525 0.143790 0.343175 0.691099 
871 0.000170 0.005289 0.014700 0.033148 0.071209 0.142835 0.338998 0.675110 
872 0.000170 0.005273 0.014638 0.032954 0.070603 0.141011 0.331083 0.645302 
873 0.000169 0.005253 0.014565 0.032727 0.069892 0.138881 0.321954 0.611719 
874 0.000169 0.005238 0.014508 0.032551 0.069346 0.137253 0.315057 0.586915 
875 0.000169 0.005235 0.014499 0.032522 0.069255 0.136983 0.313918 0.582866 
876 0.000169 0.005247 0.014543 0.032658 0.069679 0.138246 0.319254 0.601950 
877 0.000169 0.005268 0.014622 0.032906 0.070451 0.140555 0.329119 0.638005 
878 0.000170 0.005288 0.014696 0.033133 0.071163 0.142696 0.338391 0.672801 
879 0.000170 0.005298 0.014731 0.033244 0.071509 0.143740 0.342955 0.690253 
880 0.000170 0.005294 0.014717 0.033201 0.071376 0.143339 0.341198 0.683512 
881 0.000170 0.005280 0.014664 0.033036 0.070858 0.141776 0.334394 0.657693 
882 0.000169 0.005261 0.014594 0.032818 0.070177 0.139733 0.325594 0.625005 
883 0.000169 0.005243 0.014527 0.032609 0.069527 0.137791 0.317330 0.595035 
884 0.000169 0.005235 0.014497 0.032516 0.069235 0.136924 0.313670 0.581986 
885 0.000169 0.005241 0.014522 0.032593 0.069475 0.137639 0.316683 0.592718 
886 0.000169 0.005260 0.014591 0.032808 0.070146 0.139640 0.325196 0.623546 
887 0.000170 0.005281 0.014670 0.033054 0.070914 0.141946 0.335130 0.660461 
888 0.000170 0.005295 0.014721 0.033213 0.071413 0.143450 0.341682 0.685365 
889 0.000170 0.005297 0.014727 0.033232 0.071474 0.143634 0.342487 0.688457 
890 0.000170 0.005286 0.014688 0.033108 0.071085 0.142461 0.337365 0.668909 
891 0.000169 0.005268 0.014622 0.032905 0.070449 0.140550 0.329099 0.637931 
892 0.000169 0.005249 0.014552 0.032687 0.069768 0.138512 0.320383 0.606026 
893 0.000169 0.005237 0.014504 0.032540 0.069310 0.137146 0.314605 0.585308 
894 0.000169 0.005237 0.014507 0.032548 0.069336 0.137223 0.314929 0.586460 
895 0.000169 0.005252 0.014560 0.032713 0.069850 0.138757 0.321428 0.609809 
896 0.000170 0.005273 0.014641 0.032963 0.070631 0.141094 0.331444 0.646647 
897 0.000170 0.005291 0.014706 0.033165 0.071263 0.142998 0.339707 0.677812 
898 0.000170 0.005297 0.014730 0.033240 0.071499 0.143710 0.342821 0.689740 
899 0.000170 0.005291 0.014706 0.033165 0.071262 0.142996 0.339699 0.677782 
900 0.000170 0.005275 0.014648 0.032987 0.070704 0.141313 0.332391 0.650183 
901 0.000169 0.005257 0.014580 0.032773 0.070036 0.139311 0.323791 0.618406 
902 0.000169 0.005241 0.014520 0.032587 0.069458 0.137586 0.316459 0.591919 
903 0.000169 0.005236 0.014501 0.032530 0.069281 0.137061 0.314245 0.584029 
904 0.000169 0.005245 0.014536 0.032637 0.069614 0.138052 0.318432 0.598991 
905 0.000169 0.005265 0.014610 0.032867 0.070331 0.140195 0.327574 0.632291 
906 0.000170 0.005285 0.014684 0.033097 0.071050 0.142356 0.336911 0.667190 
907 0.000170 0.005296 0.014725 0.033223 0.071446 0.143549 0.342118 0.687038 
908 0.000170 0.005295 0.014720 0.033208 0.071397 0.143403 0.341478 0.684581 
909 0.000170 0.005282 0.014673 0.033062 0.070939 0.142021 0.335454 0.661683 
910 0.000169 0.005264 0.014607 0.032857 0.070299 0.140099 0.327161 0.630767 
911 0.000169 0.005246 0.014541 0.032652 0.069659 0.138186 0.319002 0.601045 
912 0.000169 0.005236 0.014504 0.032538 0.069305 0.137131 0.314541 0.585081 
913 0.000169 0.005240 0.014519 0.032584 0.069448 0.137556 0.316335 0.591476 
914 0.000169 0.005257 0.014580 0.032773 0.070038 0.139318 0.323818 0.618508 
915 0.000170 0.005278 0.014658 0.033015 0.070794 0.141585 0.333567 0.654588 
916 0.000170 0.005293 0.014713 0.033186 0.071330 0.143200 0.340589 0.681179 
917 0.000170 0.005296 0.014726 0.033229 0.071463 0.143601 0.342346 0.687913 
918 0.000170 0.005288 0.014694 0.033127 0.071144 0.142639 0.338142 0.671857 
919 0.000170 0.005271 0.014633 0.032937 0.070550 0.140851 0.330393 0.642733 
920 0.000169 0.005253 0.014565 0.032728 0.069897 0.138897 0.322022 0.611965 
921 0.000169 0.005239 0.014514 0.032570 0.069406 0.137431 0.315808 0.589593 
922 0.000169 0.005238 0.014508 0.032552 0.069349 0.137261 0.315089 0.587029 
923 0.000169 0.005250 0.014553 0.032691 0.069781 0.138549 0.320542 0.606603 
924 0.000169 0.005270 0.014629 0.032927 0.070517 0.140753 0.329973 0.641170 
925 0.000170 0.005288 0.014695 0.033131 0.071157 0.142679 0.338316 0.672516 
926 0.000170 0.005296 0.014725 0.033224 0.071448 0.143557 0.342150 0.687159 
927 0.000170 0.005292 0.014710 0.033178 0.071305 0.143124 0.340258 0.679916 
928 0.000170 0.005278 0.014659 0.033018 0.070802 0.141608 0.333666 0.654959 
929 0.000169 0.005260 0.014592 0.032810 0.070153 0.139663 0.325291 0.623896 
930 0.000169 0.005243 0.014530 0.032618 0.069555 0.137875 0.317685 0.596310 
931 0.000169 0.005237 0.014505 0.032541 0.069315 0.137161 0.314669 0.585535 
932 0.000169 0.005244 0.014533 0.032627 0.069582 0.137955 0.318021 0.597513 
933 0.000169 0.005262 0.014600 0.032837 0.070236 0.139910 0.326350 0.627781 
934 0.000170 0.005282 0.014673 0.033063 0.070942 0.142031 0.335497 0.661847 
935 0.000170 0.005294 0.014716 0.033196 0.071361 0.143294 0.341002 0.682759 
936 0.000170 0.005295 0.014720 0.033209 0.071401 0.143414 0.341525 0.684762 
937 0.000170 0.005284 0.014682 0.033091 0.071029 0.142293 0.336635 0.666144 
938 0.000169 0.005267 0.014619 0.032895 0.070418 0.140455 0.328690 0.636417 
939 0.000169 0.005250 0.014553 0.032689 0.069774 0.138529 0.320459 0.606300 
940 0.000169 0.005238 0.014509 0.032555 0.069357 0.137287 0.315197 0.587413 
941 0.000169 0.005240 0.014516 0.032576 0.069422 0.137479 0.316008 0.590306 
942 0.000169 0.005255 0.014571 0.032746 0.069953 0.139062 0.322727 0.614529 
943 0.000170 0.005275 0.014647 0.032983 0.070693 0.141282 0.332256 0.649680 
944 0.000170 0.005290 0.014704 0.033160 0.071247 0.142948 0.339490 0.676986 
945 0.000170 0.005295 0.014722 0.033217 0.071425 0.143486 0.341839 0.685968 
946 0.000170 0.005289 0.014698 0.033142 0.071191 0.142780 0.338757 0.674195 
947 0.000170 0.005274 0.014644 0.032973 0.070662 0.141189 0.331852 0.648170 
948 0.000169 0.005257 0.014580 0.032773 0.070037 0.139316 0.323811 0.618479 
949 0.000169 0.005242 0.014524 0.032601 0.069500 0.137713 0.316998 0.593848 
950 0.000169 0.005238 0.014508 0.032552 0.069348 0.137260 0.315085 0.587015 
951 0.000169 0.005247 0.014545 0.032665 0.069699 0.138306 0.319509 0.602871 
952 0.000169 0.005267 0.014618 0.032890 0.070403 0.140412 0.328504 0.635726 
953 0.000170 0.005286 0.014687 0.033105 0.071076 0.142433 0.337247 0.668460 
954 0.000170 0.005295 0.014720 0.033209 0.071400 0.143410 0.341509 0.684702 
955 0.000170 0.005292 0.014711 0.033180 0.071311 0.143142 0.340337 0.680216 
956 0.000170 0.005280 0.014666 0.033040 0.070871 0.141817 0.334572 0.658363 
957 0.000169 0.005264 0.014605 0.032852 0.070284 0.140053 0.326966 0.630050 
958 0.000169 0.005247 0.014545 0.032664 0.069697 0.138298 0.319477 0.602756 
959 0.000169 0.005238 0.014511 0.032561 0.069376 0.137342 0.315432 0.588253 
960 0.000169 0.005243 0.014528 0.032611 0.069533 0.137809 0.317406 0.595307 
961 0.000169 0.005259 0.014587 0.032797 0.070111 0.139536 0.324750 0.621914 
962 0.000170 0.005279 0.014663 0.033031 0.070842 0.141728 0.334184 0.656905 
963 0.000170 0.005292 0.014711 0.033181 0.071312 0.143145 0.340349 0.680261 
964 0.000170 0.005294 0.014718 0.033202 0.071379 0.143348 0.341238 0.683662 
965 0.000170 0.005285 0.014685 0.033101 0.071063 0.142394 0.337077 0.667817 
966 0.000169 0.005270 0.014629 0.032926 0.070514 0.140744 0.329933 0.641023 
967 0.000169 0.005254 0.014568 0.032735 0.069919 0.138962 0.322301 0.612978 
968 0.000169 0.005241 0.014520 0.032589 0.069465 0.137607 0.316551 0.592247 
969 0.000169 0.005240 0.014517 0.032580 0.069435 0.137519 0.316179 0.590919 
970 0.000169 0.005252 0.014562 0.032719 0.069868 0.138809 0.321647 0.610604 
971 0.000170 0.005272 0.014635 0.032944 0.070571 0.140914 0.330667 0.643752 
972 0.000170 0.005288 0.014696 0.033136 0.071171 0.142721 0.338501 0.673221 
973 0.000170 0.005294 0.014719 0.033205 0.071387 0.143372 0.341344 0.684069 
974 0.000170 0.005289 0.014700 0.033147 0.071205 0.142823 0.338943 0.674900 
975 0.000170 0.005276 0.014652 0.032996 0.070733 0.141402 0.332775 0.651621 
976 0.000169 0.005260 0.014592 0.032811 0.070155 0.139666 0.325307 0.623955 
977 0.000169 0.005245 0.014537 0.032640 0.069621 0.138073 0.318524 0.599321 
978 0.000169 0.005239 0.014515 0.032571 0.069408 0.137438 0.315836 0.589692 
979 0.000169 0.005247 0.014542 0.032655 0.069668 0.138212 0.319110 0.601433 
980 0.000169 0.005264 0.014606 0.032856 0.070296 0.140089 0.327117 0.630606 
981 0.000170 0.005283 0.014677 0.033074 0.070977 0.142135 0.335952 0.663562 
982 0.000170 0.005293 0.014714 0.033190 0.071339 0.143229 0.340715 0.681660 
983 0.000170 0.005292 0.014710 0.033179 0.071306 0.143128 0.340274 0.679976 
984 0.000170 0.005281 0.014671 0.033056 0.070922 0.141971 0.335236 0.660864 
985 0.000169 0.005266 0.014615 0.032881 0.070375 0.140327 0.328142 0.634389 
986 0.000169 0.005251 0.014557 0.032704 0.069822 0.138672 0.321065 0.608494 
987 0.000169 0.005241 0.014520 0.032588 0.069462 0.137598 0.316511 0.592104 
988 0.000169 0.005243 0.014528 0.032612 0.069536 0.137818 0.317442 0.595436 
989 0.000169 0.005257 0.014580 0.032773 0.070036 0.139312 0.323795 0.618421 
990 0.000170 0.005276 0.014652 0.032996 0.070734 0.141406 0.332791 0.651680 
991 0.000170 0.005290 0.014704 0.033158 0.071241 0.142930 0.339411 0.676686 
992 0.000170 0.005293 0.014715 0.033195 0.071356 0.143280 0.340939 0.682518 
993 0.000170 0.005286 0.014687 0.033107 0.071080 0.142447 0.337306 0.668684 
994 0.000170 0.005272 0.014636 0.032946 0.070578 0.140937 0.330766 0.644121 
995 0.000169 0.005257 0.014580 0.032773 0.070038 0.139317 0.323814 0.618493 
996 0.000169 0.005244 0.014532 0.032626 0.069578 0.137945 0.317981 0.597370 
997 0.000169 0.005241 0.014522 0.032593 0.069477 0.137644 0.316707 0.592804 
998 0.000169 0.005251 0.014558 0.032704 0.069823 0.138675 0.321077 0.608537 
999 0.000169 0.005269 0.014624 0.032911 0.070466 0.140600 0.329314 0.638726 
