0 3.912864e-06 -7.228219e+02 -7.228199e+02
1 4.197197e-06 -7.228219e+02 -7.228199e+02
2 4.692039e-06 -7.228219e+02 -7.228198e+02
3 4.922988e-06 -7.228220e+02 -7.228197e+02
4 4.560506e-06 -7.228220e+02 -7.228198e+02
5 3.600977e-06 -7.228219e+02 -7.228201e+02
6 2.354572e-06 -7.228219e+02 -7.228204e+02
7 1.234608e-06 -7.228219e+02 -7.228208e+02
8 4.866184e-07 -7.228218e+02 -7.228211e+02
9 9.550737e-08 -7.228218e+02 -7.228215e+02
10 1.946733e-08 -7.228217e+02 -7.228219e+02
11 6.212404e-07 -7.228217e+02 -7.228225e+02
12 2.840781e-06 -7.228216e+02 -7.228233e+02
13 7.036329e-06 -7.228215e+02 -7.228242e+02
14 1.095769e-05 -7.228215e+02 -7.228248e+02
15 1.093239e-05 -7.228214e+02 -7.228247e+02
16 6.609066e-06 -7.228213e+02 -7.228239e+02
17 1.984771e-06 -7.228212e+02 -7.228226e+02
18 1.264102e-07 -7.228212e+02 -7.228215e+02
19 1.374778e-08 -7.228211e+02 -7.228210e+02


