
#### Atom Function parameters from Nongnuch Artrith and Jorg Behler,PHYSICAL REVIEW B 85, 045439 (2012) ####

2 11.338 0.001 0.0
2 11.338 0.010 0.0
2 11.338 0.020 0.0
2 11.338 0.035 0.0
2 11.338 0.060 0.0
2 11.338 0.100 0.0
2 11.338 0.200 0.0
2 11.338 0.400 0.0

4 11.338 0.0001 -1.0 1.0
4 11.338 0.0001  1.0 1.0
4 11.338 0.0001 -1.0 2.0
4 11.338 0.0001  1.0 2.0

4 11.338 0.0030 -1.0 1.0
4 11.338 0.0030  1.0 1.0
4 11.338 0.0030 -1.0 2.0
4 11.338 0.0030  1.0 2.0

4 11.338 0.0080 -1.0 1.0
4 11.338 0.0080  1.0 1.0
4 11.338 0.0080 -1.0 2.0
4 11.338 0.0080  1.0 2.0

4 11.338 0.0150 -1.0 1.0
4 11.338 0.0150  1.0 1.0
4 11.338 0.0150 -1.0 2.0
4 11.338 0.0150  1.0 2.0
4 11.338 0.0150 -1.0 4.0
4 11.338 0.0150  1.0 4.0
4 11.338 0.0150 -1.0 16.0
4 11.338 0.0150  1.0 16.0

4 11.338 0.0250 -1.0 1.0
4 11.338 0.0250  1.0 1.0
4 11.338 0.0250 -1.0 2.0
4 11.338 0.0250  1.0 2.0
4 11.338 0.0250 -1.0 4.0
4 11.338 0.0250  1.0 4.0
4 11.338 0.0250 -1.0 16.0
4 11.338 0.0250  1.0 16.0

4 11.338 0.0450 -1.0 1.0
4 11.338 0.0450  1.0 1.0
4 11.338 0.0450 -1.0 2.0
4 11.338 0.0450  1.0 2.0
4 11.338 0.0450 -1.0 4.0
4 11.338 0.0450  1.0 4.0
4 11.338 0.0450 -1.0 16.0
4 11.338 0.0450  1.0 16.0

4 11.338 0.0800 -1.0 1.0
4 11.338 0.0800  1.0 1.0
4 11.338 0.0800 -1.0 2.0
4 11.338 0.0800  1.0 2.0
4 11.338 0.0800 -1.0 4.0
4 11.338 0.0800  1.0 4.0
4 11.338 0.0800 -1.0 16.0
4 11.338 0.0800  1.0 16.0

