
#### Atom Function parameters from Nongnuch Artrith and Jorg Behler,PHYSICAL REVIEW B 85, 045439 (2012) ####

2 11.338 0.00187 1.30
2 11.338 0.00375 1.30
2 11.338 0.00625 1.30
2 11.338 0.0125  1.30
2 11.338 0.025  1.30
2 11.338 0.050  1.30
2 11.338 0.100  1.30
2 11.338 0.200  1.30
2 11.338 0.400  1.30
2 11.338 0.800  1.30
2 11.338 1.600  1.30
2 11.338 0.00187 1.35
2 11.338 0.00375 1.35
2 11.338 0.00625 1.35
2 11.338 0.0125  1.35
2 11.338 0.025  1.35
2 11.338 0.050  1.35
2 11.338 0.100  1.35
2 11.338 0.200  1.35
2 11.338 0.400  1.35
2 11.338 0.800  1.35
2 11.338 1.600  1.35
2 11.338 0.00187 1.40
2 11.338 0.00375 1.40
2 11.338 0.00625 1.40
2 11.338 0.0125  1.40
2 11.338 0.025  1.40
2 11.338 0.050  1.40
2 11.338 0.100  1.40
2 11.338 0.200  1.40
2 11.338 0.400  1.40
2 11.338 0.800  1.40
2 11.338 1.600  1.40

