  9000 0 1.4856 2 2 -1.1671126314 -1.168074 9.24229589178e-07 0.000961368602138
  9001 1 1.42074 2 2 -1.16917685366 -1.169816 4.0850804583e-07 0.000639146341482
  9002 2 1.3383 2 2 -1.16941471567 -1.170066 4.24171278704e-07 0.000651284330154
  9003 3 1.27238 2 2 -1.16788150196 -1.168044 2.64056114747e-08 0.000162498035295
  9004 4 1.2589 2 2 -1.1673838851 -1.167298 7.37625121882e-09 8.58851047552e-05
  9005 5 1.30554 2 2 -1.1689810495 -1.169334 1.2457405751e-07 0.000352950502918
  9006 6 1.38534 2 2 -1.17005132954 -1.170249 3.90736096488e-08 0.000197670457198
  9007 7 1.46124 2 2 -1.16888696536 -1.168845 1.76109184558e-09 4.19653648331e-05
  9008 8 1.50494 2 2 -1.16722089256 -1.167344 1.51554417869e-08 0.000123107440014
  9009 9 1.50236 2 2 -1.16737774692 -1.167465 7.61310010639e-09 8.72530807845e-05
  9010 10 1.45386 2 2 -1.16915276207 -1.169088 4.19412540921e-09 6.47620676724e-05
  9011 11 1.37468 2 2 -1.17015524863 -1.170282 1.60659095508e-08 0.000126751369029
  9012 12 1.2958 2 2 -1.16896124438 -1.169044 6.84849236649e-09 8.27556183379e-05
  9013 13 1.25666 2 2 -1.16753955892 -1.167205 1.11929671832e-07 0.000334558921315
  9014 14 1.27962 2 2 -1.16834752934 -1.168338 9.08083602361e-11 9.52934206733e-06
  9015 15 1.34992 2 2 -1.16996602946 -1.170177 4.45085703199e-08 0.000210970543726
  9016 16 1.4309 2 2 -1.16968678027 -1.169614 5.29696794573e-09 7.27802716794e-05
  9017 17 1.4904 2 2 -1.16789594791 -1.167862 1.1524606715e-09 3.39479111508e-05
  9018 18 1.50862 2 2 -1.16708779675 -1.167185 9.44847162214e-09 9.72032490308e-05
  9019 19 1.4791 2 2 -1.16835062621 -1.168302 2.36450816314e-09 4.86262086034e-05
  9020 20 1.41074 2 2 -1.16997621097 -1.169985 7.72470298413e-11 8.78902894758e-06
  9021 21 1.3275 2 2 -1.16969574404 -1.169866 2.89870912285e-08 0.000170255957982
  9022 22 1.26676 2 2 -1.16796246598 -1.167771 3.66592205736e-08 0.000191465977588
  9023 23 1.26262 2 2 -1.16772954236 -1.167501 5.22316098286e-08 0.000228542358937
  9024 24 1.31612 2 2 -1.16938082943 -1.169592 4.459301119e-08 0.000211170573684
  9025 25 1.39688 2 2 -1.17009324798 -1.170138 2.00274287928e-09 4.47520153656e-05
  9026 26 1.46898 2 2 -1.16868920615 -1.168591 9.64444762093e-09 9.82061485902e-05
  9027 27 1.50612 2 2 -1.16719296935 -1.167267 5.48053663235e-09 7.40306465753e-05
  9028 28 1.49672 2 2 -1.16763481787 -1.167646 1.2504001769e-10 1.11821293898e-05
  9029 29 1.44328 2 2 -1.16940625123 -1.169336 4.93523522635e-09 7.02512293583e-05
  9030 30 1.36286 2 2 -1.17009721338 -1.170248 2.27366047461e-08 0.000150786619917
  9031 31 1.28772 2 2 -1.1686991147 -1.168706 4.7407330263e-11 6.88529812448e-06
  9032 32 1.25678 2 2 -1.16751164153 -1.167195 1.00261856889e-07 0.000316641527423
  9033 33 1.2878 2 2 -1.16860078197 -1.168656 3.04903061949e-09 5.52180280297e-05
  9034 34 1.36158 2 2 -1.17005584615 -1.170239 3.35453334034e-08 0.00018315385173
  9035 35 1.44074 2 2 -1.16946755223 -1.169371 9.3223335255e-09 9.65522321104e-05
  9036 36 1.49466 2 2 -1.16769725265 -1.167667 9.15222935209e-10 3.02526517054e-05
  9037 37 1.5063 2 2 -1.16717408568 -1.167281 1.14306716844e-08 0.000106914319361
  9038 38 1.47064 2 2 -1.16862667197 -1.168547 6.34762345208e-09 7.96719740692e-05
  9039 39 1.39862 2 2 -1.1700620333 -1.170111 2.39773742725e-09 4.89666971242e-05
  9040 40 1.31684 2 2 -1.16946266325 -1.169624 2.60295453571e-08 0.000161336745217
  9041 41 1.26276 2 2 -1.16777917664 -1.167527 6.35930571276e-08 0.000252176638743
  9042 42 1.26784 2 2 -1.16790509792 -1.167771 1.79822519587e-08 0.000134097919293
  9043 43 1.32754 2 2 -1.16960743598 -1.169801 3.74670306073e-08 0.000193564021986
  9044 44 1.40814 2 2 -1.16998218971 -1.169986 1.45183156734e-11 3.81029075969e-06
  9045 45 1.47564 2 2 -1.1684366039 -1.168348 7.85065133443e-09 8.86039013499e-05
  9046 46 1.50658 2 2 -1.16714811164 -1.167213 4.21049948869e-09 6.48883617353e-05
  9047 47 1.4905 2 2 -1.16786708885 -1.167875 6.25863158893e-11 7.91115136306e-06
  9048 48 1.4323 2 2 -1.16961395193 -1.169558 3.13061902952e-09 5.59519349935e-05
  9049 49 1.35054 2 2 -1.16997694749 -1.17015 2.99471723167e-08 0.000173052513176
  9050 50 1.28024 2 2 -1.16842751565 -1.168389 1.48345550503e-09 3.85156527275e-05
  9051 51 1.2585 2 2 -1.16755635061 -1.167234 1.03909915593e-07 0.000322350609729
  9052 52 1.29728 2 2 -1.16886332489 -1.169004 1.97894860882e-08 0.000140675108275
  9053 53 1.3734 2 2 -1.17009851343 -1.170214 1.33371469388e-08 0.000115486566053
  9054 54 1.4498 2 2 -1.1692222715 -1.169116 1.12936320335e-08 0.000106271501512
  9055 55 1.49814 2 2 -1.16751916943 -1.167529 9.66400874515e-11 9.83056902989e-06
  9056 56 1.50256 2 2 -1.16732766565 -1.167379 2.63521527231e-09 5.13343478804e-05
  9057 57 1.46122 2 2 -1.16888962268 -1.168841 2.36416472871e-09 4.86226771035e-05
  9058 58 1.38622 2 2 -1.17009966019 -1.170161 3.76257192119e-09 6.13398069869e-05
  9059 59 1.30642 2 2 -1.1691898185 -1.169336 2.13690303552e-08 0.000146181497992
  9060 60 1.26038 2 2 -1.16765287162 -1.16737 8.0016355839e-08 0.000282871624309
  9061 61 1.27468 2 2 -1.16813496757 -1.168046 7.91522842268e-09 8.89675694997e-05
  9062 62 1.33916 2 2 -1.16977647 -1.169999 4.95196009795e-08 0.000222530000179
  9063 63 1.41928 2 2 -1.16982898388 -1.169757 5.18167949692e-09 7.19838835915e-05
  9064 64 1.48144 2 2 -1.16819068381 -1.16814 2.56884849948e-09 5.06838090466e-05
  9065 65 1.50542 2 2 -1.16717779167 -1.167208 9.12543236498e-10 3.02083305811e-05
  9066 66 1.48322 2 2 -1.16811719309 -1.168109 6.71267759414e-11 8.1930931852e-06
  9067 67 1.42066 2 2 -1.16977549252 -1.16978 2.03173386946e-11 4.50747586733e-06
  9068 68 1.33894 2 2 -1.16981452154 -1.169955 1.97341970607e-08 0.000140478457639
  9069 69 1.2735 2 2 -1.16814836214 -1.168112 1.32220511033e-09 3.6362138418e-05
  9070 70 1.26106 2 2 -1.16763579013 -1.167338 8.86789592189e-08 0.000297790126127
  9071 71 1.30808 2 2 -1.16913714526 -1.16934 4.11500472978e-08 0.000202854744331
  9072 72 1.38622 2 2 -1.17009028978 -1.170141 2.5715266298e-09 5.07102221431e-05
  9073 73 1.45908 2 2 -1.16894410334 -1.168824 1.44248120174e-08 0.00012010333891
  9074 74 1.5001 2 2 -1.16740580013 -1.167453 2.22782743288e-09 4.71998668735e-05
  9075 75 1.4971 2 2 -1.16755144086 -1.167488 4.02474325725e-09 6.34408642536e-05
  9076 76 1.4501 2 2 -1.16914669182 -1.169173 6.92120352862e-10 2.63081803411e-05
  9077 77 1.37346 2 2 -1.17007700909 -1.170138 3.71989147051e-09 6.09909130159e-05
  9078 78 1.29714 2 2 -1.16890332108 -1.169005 1.03386020709e-08 0.00010167891655
  9079 79 1.25932 2 2 -1.16756403071 -1.167298 7.07723366143e-08 0.000266030706149
  9080 80 1.28192 2 2 -1.16835967643 -1.168335 6.08926050561e-10 2.46764270218e-05
  9081 81 1.3512 2 2 -1.16990484069 -1.170193 8.30357867e-08 0.000288159307849
  9082 82 1.431 2 2 -1.16963590374 -1.169456 3.23653552355e-08 0.000179903738804
  9083 83 1.48838 2 2 -1.16789303442 -1.167951 3.36000805728e-09 5.79655764854e-05
  9084 84 1.5045 2 2 -1.16722459904 -1.167246 4.58000918106e-10 2.14009560092e-05
  9085 85 1.47412 2 2 -1.1684486223 -1.168337 1.24595384892e-08 0.000111622302831
  9086 86 1.40724 2 2 -1.16991559829 -1.170013 9.48709236476e-09 9.74017061696e-05
  9087 87 1.32694 2 2 -1.16961505408 -1.169688 5.32110666599e-09 7.29459160337e-05
  9088 88 1.26904 2 2 -1.1679517147 -1.167863 7.87029792708e-09 8.87146996111e-05
  9089 89 1.26544 2 2 -1.16777784446 -1.167508 7.28160346272e-08 0.00026984446377
  9090 90 1.31796 2 2 -1.16933977708 -1.169625 8.13521134799e-08 0.000285222918925
  9091 91 1.3974 2 2 -1.17003189998 -1.170059 7.34411202491e-10 2.71000221862e-05
  9092 92 1.46798 2 2 -1.16865813664 -1.168525 1.77253639006e-08 0.000133136636207
  9093 93 1.50362 2 2 -1.16723219777 -1.167394 2.61799629922e-08 0.0001618022342
  9094 94 1.49288 2 2 -1.16774989475 -1.16763 1.43747506895e-08 0.000119894748382
  9095 95 1.43934 2 2 -1.16940661578 -1.169441 1.18227472875e-09 3.43842220903e-05
  9096 96 1.36048 2 2 -1.17002770308 -1.170109 6.60918964883e-09 8.12969227513e-05
  9097 97 1.28818 2 2 -1.16863654442 -1.168674 1.4029203608e-09 3.74555785004e-05
  9098 98 1.25956 2 2 -1.16756502232 -1.167281 8.06686764601e-08 0.000284022316835
  9099 99 1.29076 2 2 -1.16863931064 -1.168636 1.09603241763e-11 3.31063803161e-06
  9100 100 1.36274 2 2 -1.16998658845 -1.170271 8.08899297323e-08 0.000284411549928
  9101 101 1.43986 2 2 -1.16944409032 -1.169206 5.66869981299e-08 0.00023809031507
  9102 102 1.49298 2 2 -1.16767804018 -1.167786 1.16553231752e-08 0.000107959822041
  9103 103 1.50322 2 2 -1.16727046761 -1.167298 7.58032332893e-10 2.75323869814e-05
  9104 104 1.4667 2 2 -1.16868503413 -1.168603 6.7295984638e-09 8.20341298717e-05
  9105 105 1.39524 2 2 -1.17001368211 -1.170121 1.15171302195e-08 0.000107317893287
  9106 106 1.3159 2 2 -1.16938969366 -1.169445 3.05879166793e-09 5.53063438308e-05
  9107 107 1.26522 2 2 -1.16779473256 -1.167661 1.78843970006e-08 0.000133732557743
  9108 108 1.27086 2 2 -1.16797660814 -1.16773 6.08155729429e-08 0.000246608136409
  9109 109 1.32894 2 2 -1.16954844985 -1.169861 9.76875993493e-08 0.000312550154934
  9110 110 1.40804 2 2 -1.16993758482 -1.169883 2.9795027633e-09 5.458482173e-05
  9111 111 1.47444 2 2 -1.16841377995 -1.168312 1.03591590895e-08 0.000101779954262
  9112 112 1.50426 2 2 -1.16718556171 -1.167343 2.47868141728e-08 0.000157438286871
  9113 113 1.48712 2 2 -1.16796304748 -1.167837 1.58879667885e-08 0.000126047478311
  9114 114 1.4285 2 2 -1.16960274737 -1.169665 3.87539034354e-09 6.22526332258e-05
  9115 115 1.34888 2 2 -1.16991567022 -1.169987 5.08793692805e-09 7.13297758867e-05
  9116 116 1.28124 2 2 -1.16838576962 -1.168407 4.50728986379e-10 2.12303788562e-05
  9117 117 1.26126 2 2 -1.16761718071 -1.167295 1.03800410725e-07 0.000322180711287
  9118 118 1.2997 2 2 -1.16887580389 -1.168984 1.17063975353e-08 0.00010819610684
  9119 119 1.37376 2 2 -1.17003097399 -1.170232 4.04114580601e-08 0.000201026013392
  9120 120 1.44862 2 2 -1.16921213301 -1.168973 5.71845970472e-08 0.000239133011203
  9121 121 1.49636 2 2 -1.16751198011 -1.167669 2.46552453424e-08 0.000157019888366
  9122 122 1.50026 2 2 -1.16739423209 -1.167356 1.4616924447e-09 3.82320865857e-05
  9123 123 1.45772 2 2 -1.1689272526 -1.168919 6.81054180553e-11 8.25260068435e-06
  9124 124 1.3831 2 2 -1.17005491242 -1.170118 3.9800431033e-09 6.30875827981e-05
  9125 125 1.3063 2 2 -1.16913558669 -1.169216 6.46630023125e-09 8.04133087943e-05
  9126 126 1.26316 2 2 -1.1676977773 -1.167501 3.87213051927e-08 0.000196777298469
  9127 127 1.27754 2 2 -1.16819647279 -1.167978 4.77303607917e-08 0.00021847279188
  9128 128 1.33968 2 2 -1.16969714269 -1.170073 1.41268716122e-07 0.000375857308193
  9129 129 1.41764 2 2 -1.16981596198 -1.16962 3.84010970081e-08 0.000195961978476
  9130 130 1.4802 2 2 -1.16815943652 -1.16818 4.22856621077e-10 2.05634778449e-05
  9131 131 1.50392 2 2 -1.16719231573 -1.167291 9.73858601924e-09 9.86842744273e-05
  9132 132 1.48034 2 2 -1.16819315179 -1.168077 1.34912379844e-08 0.000116151788554
  9133 133 1.41736 2 2 -1.16975704734 -1.169862 1.10150617401e-08 0.000104952664283
  9134 134 1.33746 2 2 -1.16975890288 -1.169782 5.33476843938e-10 2.30971176543e-05
  9135 135 1.27586 2 2 -1.16816474967 -1.168203 1.46308739393e-09 3.82503254094e-05
  9136 136 1.26468 2 2 -1.16773930891 -1.167348 1.53122662074e-07 0.000391308908759
  9137 137 1.30912 2 2 -1.16908500898 -1.169312 5.1524922621e-08 0.000226991018811
  9138 138 1.38398 2 2 -1.17002503459 -1.170133 1.16565305976e-08 0.000107965413895
  9139 139 1.45602 2 2 -1.16897963619 -1.168743 5.59966880493e-08 0.000236636193448
  9140 140 1.49906 2 2 -1.16736142445 -1.167593 5.36272340646e-08 0.000231575547208
  9141 141 1.49626 2 2 -1.16755752336 -1.167455 1.05110390448e-08 0.000102523358533
  9142 142 1.44744 2 2 -1.16917172213 -1.169211 1.54275098e-09 3.92778688321e-05
  9143 143 1.37144 2 2 -1.17003424993 -1.170059 6.12566167616e-10 2.47500740931e-05
  9144 144 1.29824 2 2 -1.16888536267 -1.168984 9.72932377168e-09 9.8637334573e-05
  9145 145 1.26264 2 2 -1.16765411103 -1.167393 6.81789688276e-08 0.000261111027779
  9146 146 1.285 2 2 -1.16841609805 -1.16827 2.13446398631e-08 0.0001460980488
  9147 147 1.35022 2 2 -1.1698058848 -1.170191 1.48313715307e-07 0.00038511519745
  9148 148 1.42614 2 2 -1.16966637615 -1.169364 9.14313369267e-08 0.000302376151385
  9149 149 1.48432 2 2 -1.16795392848 -1.168069 1.32414554079e-08 0.00011507152301
  9150 150 1.50288 2 2 -1.16721912196 -1.167273 2.90284310089e-09 5.38780391337e-05
  9151 151 1.47324 2 2 -1.16841069229 -1.168351 3.56316914509e-09 5.96922871491e-05
  9152 152 1.40594 2 2 -1.1698775075 -1.169973 9.11881757845e-09 9.54925001162e-05
  9153 153 1.32682 2 2 -1.16956090333 -1.169576 2.27909342625e-10 1.50966666064e-05
  9154 154 1.27146 2 2 -1.16797575732 -1.168011 1.24204671338e-09 3.52426831184e-05
  9155 155 1.26958 2 2 -1.16791377676 -1.167482 1.86431170852e-07 0.000431776760435
  9156 156 1.31982 2 2 -1.16929676717 -1.169595 8.89428193578e-08 0.000298232827432
  9157 157 1.39396 2 2 -1.16997434206 -1.169954 4.13799238846e-10 2.03420559149e-05
  9158 158 1.46154 2 2 -1.1687646096 -1.168572 3.70984589166e-08 0.000192609602348
  9159 159 1.49866 2 2 -1.16733836298 -1.167514 3.08483615969e-08 0.000175637016591
  9160 160 1.49038 2 2 -1.16774290626 -1.167641 1.03848863625e-08 0.000101906262626
  9161 161 1.43774 2 2 -1.16933796857 -1.169454 1.34632930877e-08 0.000116031431464
  9162 162 1.36052 2 2 -1.16995119996 -1.169933 3.31238609611e-10 1.81999618025e-05
  9163 163 1.29032 2 2 -1.16859647472 -1.168762 2.73986197457e-08 0.000165525284309
  9164 164 1.26356 2 2 -1.16766685422 -1.167334 1.10791932468e-07 0.000332854221046
  9165 165 1.2941 2 2 -1.16865998491 -1.168631 8.4012503713e-10 2.89849105075e-05
  9166 166 1.36176 2 2 -1.16988908215 -1.170166 7.66834960308e-08 0.00027691785069
  9167 167 1.43504 2 2 -1.16945263144 -1.169136 1.00255470423e-07 0.000316631442568
  9168 168 1.48702 2 2 -1.16779851385 -1.167961 2.64017501545e-08 0.000162486153732
  9169 169 1.49772 2 2 -1.16741098574 -1.167306 1.10220048848e-08 0.000104985736578
  9170 170 1.46302 2 2 -1.16865473454 -1.168697 1.78636887252e-09 4.22654572023e-05
  9171 171 1.39444 2 2 -1.1699137189 -1.16996 2.14194053556e-09 4.62811034393e-05
  9172 172 1.31746 2 2 -1.16930002199 -1.169385 7.22126249255e-09 8.49780118181e-05
  9173 173 1.26878 2 2 -1.16782347989 -1.167797 7.01184431011e-10 2.64798872923e-05
  9174 174 1.27522 2 2 -1.16806306502 -1.167717 1.19760998054e-07 0.00034606501998
  9175 175 1.33054 2 2 -1.16946432425 -1.169858 1.54980599219e-07 0.000393675753913
  9176 176 1.40536 2 2 -1.16987897069 -1.16968 3.95893349059e-08 0.00019897068856
  9177 177 1.46864 2 2 -1.1684758909 -1.168454 4.79211476734e-10 2.18908994044e-05
  9178 178 1.49774 2 2 -1.16736736484 -1.167407 1.57094565625e-09 3.96351568213e-05
  9179 179 1.48238 2 2 -1.1679997827 -1.167909 8.24149799876e-09 9.07826965823e-05
  9180 180 1.4253 2 2 -1.16952488611 -1.16967 2.10580400323e-08 0.000145113886421
  9181 181 1.3483 2 2 -1.16980254823 -1.169751 2.65722042069e-09 5.15482339241e-05
  9182 182 1.28448 2 2 -1.16835102537 -1.16855 3.95909044686e-08 0.000198974632726
  9183 183 1.26614 2 2 -1.16773096948 -1.167304 1.82302935979e-07 0.000426969478978
  9184 184 1.30336 2 2 -1.16885464978 -1.169032 3.14531000767e-08 0.000177350218711
  9185 185 1.37318 2 2 -1.16992934074 -1.170067 1.89500731263e-08 0.000137659264586
  9186 186 1.44402 2 2 -1.16920369247 -1.168924 7.82278791644e-08 0.000279692472484
  9187 187 1.49002 2 2 -1.16764041435 -1.167844 4.14471176936e-08 0.000203585651984
  9188 188 1.49372 2 2 -1.16755511981 -1.16737 3.42693433887e-08 0.000185119808202
  9189 189 1.45276 2 2 -1.16889771848 -1.169052 2.38027873299e-08 0.000154281519729
  9190 190 1.3811 2 2 -1.16994332876 -1.16988 4.01053151191e-09 6.33287573849e-05
  9191 191 1.30786 2 2 -1.16902053985 -1.169212 3.66569880824e-08 0.000191460147504
  9192 192 1.26762 2 2 -1.1677611693 -1.167588 2.99876060397e-08 0.000173169298779
  9193 193 1.2822 2 2 -1.1682513289 -1.168014 5.63250054563e-08 0.000237328897221
  9194 194 1.34182 2 2 -1.1696087608 -1.170053 1.97348467147e-07 0.000444239200372
  9195 195 1.41566 2 2 -1.16974792377 -1.169383 1.33169355118e-07 0.000364923766173
  9196 196 1.47446 2 2 -1.16821411775 -1.168376 2.62058636208e-08 0.000161882252334
  9197 197 1.49692 2 2 -1.16739650434 -1.167301 9.121079718e-09 9.55043439745e-05
  9198 198 1.47392 2 2 -1.16825443385 -1.168224 9.26219276556e-10 3.04338508335e-05
  9199 199 1.4132 2 2 -1.16967264306 -1.169815 2.02654996016e-08 0.000142356944339
  9200 200 1.3369 2 2 -1.16962301309 -1.169547 5.77798994975e-09 7.60130906473e-05
  9201 201 1.27912 2 2 -1.16812410644 -1.16836 5.56457693999e-08 0.000235893555232
  9202 202 1.26962 2 2 -1.16784298312 -1.167331 2.6212671584e-07 0.000511983120659
  9203 203 1.31338 2 2 -1.16905396883 -1.169427 1.39152256874e-07 0.000373031174131
  9204 204 1.38478 2 2 -1.16993621157 -1.169896 1.61697013977e-09 4.02115672385e-05
  9205 205 1.45244 2 2 -1.168942226 -1.168737 4.21177128459e-08 0.000205226004312
  9206 206 1.4923 2 2 -1.1675226146 -1.167738 4.63908720457e-08 0.000215385403511
  9207 207 1.48838 2 2 -1.16775131363 -1.167484 7.14565742018e-08 0.000267313625171
  9208 208 1.44172 2 2 -1.16912419276 -1.169383 6.69811860202e-08 0.000258807237187
  9209 209 1.36852 2 2 -1.16991259736 -1.169763 2.23793694979e-08 0.000149597357924
  9210 210 1.29914 2 2 -1.16874190957 -1.169015 7.45783811484e-08 0.000273090426688
  9211 211 1.26746 2 2 -1.16773942106 -1.167442 8.8459286714e-08 0.000297421059634
  9212 212 1.29028 2 2 -1.16846529874 -1.168359 1.12994218156e-08 0.000106298738542
  9213 213 1.3531 2 2 -1.16972242581 -1.170143 1.76882649183e-07 0.000420574189868
  9214 214 1.42578 2 2 -1.1695726586 -1.169125 2.00398224704e-07 0.000447658602848
  9215 215 1.47982 2 2 -1.16797517937 -1.168264 8.34173577804e-08 0.000288820632539
  9216 216 1.49478 2 2 -1.1674808741 -1.16726 4.87853686604e-08 0.00022087410138
  9217 217 1.46512 2 2 -1.16849673042 -1.168565 4.66073538128e-09 6.82695787396e-05
  9218 218 1.40042 2 2 -1.16978826958 -1.169864 5.73509646879e-09 7.57304197057e-05
  9219 219 1.32606 2 2 -1.16940168086 -1.16938 4.70059884154e-10 2.16808644697e-05
  9220 220 1.27538 2 2 -1.16796794321 -1.168122 2.37334939017e-08 0.000154056787912
  9221 221 1.27424 2 2 -1.16797537635 -1.167484 2.41450721841e-07 0.00049137635458
  9222 222 1.32326 2 2 -1.16923010192 -1.16975 2.70294008883e-07 0.000519898075476
  9223 223 1.3961 2 2 -1.16989622964 -1.169671 5.07283885497e-08 0.00022522963515
  9224 224 1.46112 2 2 -1.16864506865 -1.168608 1.3740845887e-09 3.70686469769e-05
  9225 225 1.49368 2 2 -1.16746879323 -1.167595 1.59281496517e-08 0.000126206773399
  9226 226 1.48222 2 2 -1.16796339182 -1.167701 6.88494684556e-08 0.000262391822387
  9227 227 1.42988 2 2 -1.16934528453 -1.169622 7.65714504223e-08 0.000276715468347
  9228 228 1.35648 2 2 -1.1698244606 -1.169641 3.36577915063e-08 0.00018346059933
  9229 229 1.29218 2 2 -1.16850387491 -1.168811 9.43258182548e-08 0.000307125085681
  9230 230 1.26852 2 2 -1.16776354374 -1.167337 1.81939560831e-07 0.000426543738473
  9231 231 1.29794 2 2 -1.16863889561 -1.168755 1.34802302886e-08 0.000116104393925
  9232 232 1.3637 2 2 -1.16981174164 -1.170107 8.71774974365e-08 0.000295258357099
  9233 233 1.43576 2 2 -1.16935537236 -1.168949 1.65138497559e-07 0.000406372363183
  9234 234 1.48556 2 2 -1.16774371051 -1.168099 1.26230625176e-07 0.000355289494886
  9235 235 1.49302 2 2 -1.16756071017 -1.167286 7.54656765986e-08 0.000274710168357
  9236 236 1.45586 2 2 -1.16876007557 -1.168899 1.92999978556e-08 0.000138924432177
  9237 237 1.38764 2 2 -1.16987182266 -1.169831 1.66648939275e-09 4.08226578355e-05
  9238 238 1.31598 2 2 -1.16916586482 -1.169278 1.25742991536e-08 0.000112135182497
  9239 239 1.27284 2 2 -1.16788950123 -1.167842 2.25636646571e-09 4.7501225939e-05
  9240 240 1.28018 2 2 -1.16814494446 -1.167745 1.59955568103e-07 0.000399944456272
  9241 241 1.33302 2 2 -1.16938964208 -1.169968 3.34497883364e-07 0.000578357919773
  9242 242 1.40532 2 2 -1.16982292986 -1.169435 1.50489576755e-07 0.000387929860613
  9243 243 1.4675 2 2 -1.16839478998 -1.168545 2.25630505117e-08 0.000150210021342
  9244 244 1.4954 2 2 -1.16740532499 -1.167412 4.45557380488e-11 6.67500846807e-06
  9245 245 1.47714 2 2 -1.16811894579 -1.168013 1.12245098743e-08 0.00010594578743
  9246 246 1.41912 2 2 -1.16954491849 -1.169729 3.38860020682e-08 0.000184081509305
  9247 247 1.34474 2 2 -1.16969641791 -1.169538 2.50962330902e-08 0.00015841790647
  9248 248 1.28592 2 2 -1.16829990814 -1.168628 1.07644268111e-07 0.000328091859257
  9249 249 1.27098 2 2 -1.16786588532 -1.167272 3.52699775651e-07 0.00059388532197
  9250 250 1.30694 2 2 -1.16883762908 -1.169175 1.13819134586e-07 0.000337370915442
  9251 251 1.374 2 2 -1.16987090186 -1.169925 2.92660831217e-09 5.40981359398e-05
  9252 252 1.44312 2 2 -1.16913772515 -1.168861 7.65768060112e-08 0.000276725145246
  9253 253 1.48784 2 2 -1.16764127613 -1.167933 8.51028154838e-08 0.000291723868553
  9254 254 1.48946 2 2 -1.16767184603 -1.167367 9.29311033661e-08 0.00030484603223
  9255 255 1.44734 2 2 -1.16894145026 -1.169226 8.09685527393e-08 0.000284549736846
  9256 256 1.37694 2 2 -1.16989006047 -1.169698 3.68872226111e-08 0.000192060466029
  9257 257 1.30734 2 2 -1.16891122896 -1.169204 8.57148843133e-08 0.000292771044185
  9258 258 1.27096 2 2 -1.16783023194 -1.167594 5.5805531276e-08 0.000236231943809
  9259 259 1.28664 2 2 -1.16831900415 -1.168087 5.38259256253e-08 0.000232004150017
  9260 260 1.34394 2 2 -1.16955433566 -1.170065 2.60778072396e-07 0.00051066434416
  9261 261 1.41504 2 2 -1.16969606722 -1.169201 2.45091548563e-07 0.000495067216207
  9262 262 1.47228 2 2 -1.16818635628 -1.168489 9.15932209629e-08 0.000302643719517
  9263 263 1.49368 2 2 -1.16747666405 -1.167277 3.98657321446e-08 0.000199664048203
  9264 264 1.46952 2 2 -1.16831212038 -1.168378 4.34012460696e-09 6.58796220918e-05
  9265 265 1.40798 2 2 -1.16967396863 -1.169754 6.40502082057e-09 8.00313739765e-05
  9266 266 1.33456 2 2 -1.16950725752 -1.169432 5.66369407765e-09 7.52575184128e-05
  9267 267 1.28142 2 2 -1.16812659321 -1.168411 8.08872230579e-08 0.000284406791512
  9268 268 1.2745 2 2 -1.16796749989 -1.167322 4.16670112559e-07 0.000645499893539
  9269 269 1.31626 2 2 -1.16901336384 -1.169552 2.90128910645e-07 0.000538636157945
  9270 270 1.38436 2 2 -1.16988412215 -1.169691 3.72961666148e-08 0.000193122154645
  9271 271 1.45064 2 2 -1.16888691028 -1.168789 9.58642297036e-09 9.79102802078e-05
  9272 272 1.48952 2 2 -1.16756772364 -1.167758 3.62050948107e-08 0.000190276364299
  9273 273 1.4845 2 2 -1.16782667278 -1.167546 7.8777207699e-08 0.000280672776911
  9274 274 1.43672 2 2 -1.16915354049 -1.169478 1.05273970626e-07 0.000324459505372
  9275 275 1.3654 2 2 -1.16984053279 -1.169571 7.26479244248e-08 0.000269532789146
  9276 276 1.29998 2 2 -1.16866780862 -1.169073 1.64180052583e-07 0.000405191377725
  9277 277 1.27122 2 2 -1.16783291853 -1.167411 1.78015243285e-07 0.000421918526833
  9278 278 1.29412 2 2 -1.16848961346 -1.168477 1.59099475034e-10 1.26134640378e-05
  9279 279 1.35432 2 2 -1.1696682932 -1.170044 1.41155599141e-07 0.000375706799434
  9280 280 1.42422 2 2 -1.16951917063 -1.169037 2.3248851363e-07 0.000482170627092
  9281 281 1.47668 2 2 -1.16799745833 -1.168359 1.3071237591e-07 0.000361541665525
  9282 282 1.49124 2 2 -1.16756016906 -1.167245 9.93315356028e-08 0.000315169058765
  9283 283 1.46096 2 2 -1.16852588623 -1.168735 4.37285685545e-08 0.000209113769404
  9284 284 1.3966 2 2 -1.16976379606 -1.169704 3.57556937284e-09 5.97960648608e-05
  9285 285 1.32492 2 2 -1.16928354943 -1.169367 6.96399825999e-09 8.34505737547e-05
  9286 286 1.27782 2 2 -1.16799593558 -1.168117 1.46565939763e-08 0.00012106442077
  9287 287 1.27906 2 2 -1.1680802985 -1.167543 2.88689677657e-07 0.000537298499586
  9288 288 1.32656 2 2 -1.16920640254 -1.1698 3.52357940768e-07 0.000593597456841
  9289 289 1.39494 2 2 -1.16983966926 -1.169457 1.4643575966e-07 0.000382669256225
  9290 290 1.45702 2 2 -1.16864948998 -1.168743 8.74412446242e-09 9.35100233259e-05
  9291 291 1.48998 2 2 -1.16754794421 -1.167544 1.55567785283e-11 3.94420822578e-06
  9292 292 1.47838 2 2 -1.16798985335 -1.167864 1.58390654075e-08 0.000125853348813
  9293 293 1.42558 2 2 -1.16935144298 -1.169599 6.12844794813e-08 0.000247557022686
  9294 294 1.35396 2 2 -1.16972334498 -1.169475 6.16752311258e-08 0.000248344984096
  9295 295 1.29332 2 2 -1.16843823822 -1.168904 2.16934036854e-07 0.000465761781229
  9296 296 1.2728 2 2 -1.16788127277 -1.167281 3.60327394516e-07 0.000600272766762
  9297 297 1.30294 2 2 -1.16867421965 -1.168938 6.95800721406e-08 0.000263780348284
  9298 298 1.3653 2 2 -1.16976205976 -1.169875 1.27554974257e-08 0.000112940238293
  9299 299 1.43252 2 2 -1.16930331624 -1.168955 1.2132420219e-07 0.000348316238769
  9300 300 1.47968 2 2 -1.16786674586 -1.168173 9.37916004177e-08 0.000306254143511
  9301 301 1.4875 2 2 -1.16766945779 -1.167305 1.32829477768e-07 0.000364457785989
  9302 302 1.4515 2 2 -1.16873504144 -1.169094 1.28851250756e-07 0.000358958564122
  9303 303 1.3848 2 2 -1.16980790457 -1.169572 5.56509639499e-08 0.000235904565344
  9304 304 1.31556 2 2 -1.16902092381 -1.16933 9.5528093674e-08 0.000309076193962
  9305 305 1.2756 2 2 -1.16792244839 -1.167796 1.5989194237e-08 0.000126448385664
  9306 306 1.2852 2 2 -1.16822206502 -1.167893 1.0828378935e-07 0.000329065022982
  9307 307 1.33782 2 2 -1.16939065532 -1.169931 2.9197237225e-07 0.000540344679117
  9308 308 1.40568 2 2 -1.1697331844 -1.169214 2.69552444946e-07 0.000519184403604
  9309 309 1.46272 2 2 -1.16841544854 -1.168711 8.73506683954e-08 0.000295551464885
  9310 310 1.48814 2 2 -1.1676209816 -1.167339 7.95136241025e-08 0.000281981602419
  9311 311 1.47 2 2 -1.16818862905 -1.168278 7.98716681604e-09 8.93709506274e-05
  9312 312 1.4142 2 2 -1.16950071211 -1.16962 1.42296016489e-08 0.000119287893974
  9313 313 1.3435 2 2 -1.16954779934 -1.169383 2.71588240989e-08 0.000164799344959
  9314 314 1.28746 2 2 -1.16821581434 -1.168691 2.25801409273e-07 0.000475185657689
  9315 315 1.27516 2 2 -1.16793805644 -1.16725 4.73421670538e-07 0.000688056444297
  9316 316 1.31248 2 2 -1.16885754737 -1.169403 2.97518570195e-07 0.000545452628736
  9317 317 1.37732 2 2 -1.16982415476 -1.169621 4.12718575288e-08 0.000203154762506
  9318 318 1.44226 2 2 -1.1690236425 -1.168894 1.68071765762e-08 0.000129642495256
  9319 319 1.48228 2 2 -1.16776937271 -1.167965 3.82700384429e-08 0.000195627294729
  9320 320 1.4816 2 2 -1.16785856393 -1.167445 1.71035121673e-07 0.000413563926949
  9321 321 1.43956 2 2 -1.16897127162 -1.169422 2.03156074087e-07 0.000450728381719
  9322 322 1.37228 2 2 -1.16978476285 -1.169422 1.31596887061e-07 0.000362762852371
  9323 323 1.30756 2 2 -1.16876255454 -1.169241 2.2891005639e-07 0.000478445458114
  9324 324 1.275 2 2 -1.16789069984 -1.167529 1.30826775707e-07 0.000361699842006
  9325 325 1.29198 2 2 -1.16835666701 -1.168293 4.05348775191e-09 6.36670067767e-05
  9326 326 1.34804 2 2 -1.16952275682 -1.169992 2.20189158014e-07 0.000469243175778
  9327 327 1.4168 2 2 -1.16957892342 -1.169006 3.2824124579e-07 0.000572923420529
  9328 328 1.47 2 2 -1.16814400223 -1.168606 2.13441940774e-07 0.000461997771395
  9329 329 1.48728 2 2 -1.16766898374 -1.16723 1.92706721854e-07 0.000438983737573
  9330 330 1.46128 2 2 -1.16842621722 -1.168657 5.32606893607e-08 0.000230782775269
  9331 331 1.40114 2 2 -1.16964734235 -1.169616 9.82342950101e-10 3.13423507431e-05
  9332 332 1.33208 2 2 -1.16933936368 -1.169318 4.56407010737e-10 2.13636843905e-05
  9333 333 1.28344 2 2 -1.16808705871 -1.1684 9.79322518164e-08 0.000312941291325
  9334 334 1.2795 2 2 -1.16805070131 -1.167379 4.51182646382e-07 0.000671701307414
  9335 335 1.32168 2 2 -1.16902114162 -1.169728 4.99648773265e-07 0.000706858382751
  9336 336 1.38796 2 2 -1.16982000754 -1.169406 1.71402242189e-07 0.000414007538807
  9337 337 1.45064 2 2 -1.16876073964 -1.168852 8.32845260424e-09 9.12603561479e-05
  9338 338 1.48492 2 2 -1.16768401545 -1.167718 1.1549494855e-09 3.39845477461e-05
  9339 339 1.47696 2 2 -1.16798989213 -1.167712 7.72240358139e-08 0.000277892129816
  9340 340 1.4291 2 2 -1.16918887043 -1.16959 1.60904930316e-07 0.00040112956799
  9341 341 1.36002 2 2 -1.16972018889 -1.169337 1.46833728556e-07 0.000383188894092
  9342 342 1.29938 2 2 -1.16852408872 -1.169104 3.36297087071e-07 0.000579911275171
  9343 343 1.27548 2 2 -1.16792537493 -1.167332 3.52093801775e-07 0.000593374925131
  9344 344 1.29986 2 2 -1.16853340451 -1.16874 4.26816947913e-08 0.000206595485893
  9345 345 1.35904 2 2 -1.16965150771 -1.169898 6.07584478991e-08 0.000246492287707
  9346 346 1.4264 2 2 -1.16938607738 -1.168906 2.30474291145e-07 0.000480077380372
  9347 347 1.47464 2 2 -1.16797359213 -1.16842 1.99279988163e-07 0.000446407871977
  9348 348 1.4853 2 2 -1.16772803503 -1.167238 2.40134330699e-07 0.000490035030073
  9349 349 1.45266 2 2 -1.16863601155 -1.169006 1.36891456384e-07 0.000369988454393
  9350 350 1.38924 2 2 -1.16972968821 -1.169531 3.94770050826e-08 0.000198688210729
  9351 351 1.3221 2 2 -1.16910972521 -1.169305 3.81322444297e-08 0.0001952747921
  9352 352 1.2803 2 2 -1.1680039405 -1.168047 1.85412054372e-09 4.30595000403e-05
  9353 353 1.28442 2 2 -1.16816132649 -1.167682 2.29753883676e-07 0.000479326489645
  9354 354 1.33156 2 2 -1.16920810852 -1.169897 4.74571470075e-07 0.000688891479172
  9355 355 1.39836 2 2 -1.16976053609 -1.169207 3.06402208184e-07 0.000553536094744
  9356 356 1.45806 2 2 -1.16850736519 -1.168819 9.71162556554e-08 0.000311634811366
  9357 357 1.48634 2 2 -1.16765094109 -1.167463 3.53218526522e-08 0.000187941088249
  9358 358 1.47074 2 2 -1.16815389828 -1.168098 3.12461728875e-09 5.58982762592e-05
  9359 359 1.41754 2 2 -1.16939809893 -1.169616 4.74808776551e-08 0.000217901073093
  9360 360 1.34892 2 2 -1.16958580796 -1.169311 7.55194163429e-08 0.000274807962663
  9361 361 1.29338 2 2 -1.16834331343 -1.168895 3.0435806733e-07 0.000551686566204
  9362 362 1.27702 2 2 -1.16797071286 -1.167233 5.44220269351e-07 0.000737712863756
  9363 363 1.30778 2 2 -1.16868877724 -1.169205 2.66485941668e-07 0.000516222763608
  9364 364 1.36946 2 2 -1.16974755305 -1.169677 4.97773339606e-09 7.05530537685e-05
  9365 365 1.43564 2 2 -1.16914953837 -1.168909 5.78587064687e-08 0.000240538367976
  9366 366 1.47902 2 2 -1.16783484813 -1.168158 1.0442712867e-07 0.000323151866264
  9367 367 1.48216 2 2 -1.16782428121 -1.16735 2.24942664827e-07 0.000474281208595
  9368 368 1.44328 2 2 -1.16885351223 -1.169313 2.1112901406e-07 0.000459487773569
  9369 369 1.3779 2 2 -1.16976146471 -1.169397 1.32834521192e-07 0.000364464705001
  9370 370 1.31308 2 2 -1.16886792824 -1.169311 1.96312588818e-07 0.000443071764862
  9371 371 1.2784 2 2 -1.16797359093 -1.167694 7.81710861374e-08 0.000279590926422
  9372 372 1.2902 2 2 -1.16828474692 -1.168071 4.56877469092e-08 0.000213746922572
  9373 373 1.34124 2 2 -1.16937486535 -1.16996 3.42382558779e-07 0.000585134650127
  9374 374 1.40858 2 2 -1.1696537413 -1.169034 3.84079283669e-07 0.000619741303827
  9375 375 1.46474 2 2 -1.1682709897 -1.168758 2.37179029962e-07 0.000487010297594
  9376 376 1.48642 2 2 -1.16766881168 -1.167268 1.60650003957e-07 0.000400811681413
  9377 377 1.46398 2 2 -1.16832267687 -1.168501 3.17991382071e-08 0.000178323128638
  9378 378 1.40618 2 2 -1.169563009 -1.169569 3.58920479958e-11 5.99099724552e-06
  9379 379 1.33836 2 2 -1.16941140764 -1.169314 9.48824923255e-09 9.7407644631e-05
  9380 380 1.28838 2 2 -1.16820146073 -1.168618 1.73504963696e-07 0.000416539270292
  9381 381 1.28012 2 2 -1.1680554781 -1.167278 6.0447219626e-07 0.00077747810018
  9382 382 1.31618 2 2 -1.16885070854 -1.16958 5.31866029296e-07 0.000729291457029
  9383 383 1.37928 2 2 -1.16979146295 -1.169433 1.28495688112e-07 0.000358462952217
  9384 384 1.44356 2 2 -1.16890989748 -1.168937 7.3454645535e-10 2.71025175095e-05
  9385 385 1.48204 2 2 -1.16774598178 -1.167872 1.58805920129e-08 0.000126018220956
  9386 386 1.47876 2 2 -1.16790789047 -1.167577 1.09488504444e-07 0.000330890471976
  9387 387 1.43396 2 2 -1.16906108746 -1.169511 2.02421290599e-07 0.000449912536611
  9388 388 1.36632 2 2 -1.16973647387 -1.169284 2.04732599347e-07 0.000452473865927
  9389 389 1.30512 2 2 -1.16864119539 -1.16927 3.95395231276e-07 0.000628804605005
  9390 390 1.27788 2 2 -1.16798845063 -1.167414 3.29993531899e-07 0.000574450634867
  9391 391 1.2975 2 2 -1.16844603262 -1.168515 4.75649903831e-09 6.89673766234e-05
  9392 392 1.35166 2 2 -1.16952557448 -1.169881 1.2632730148e-07 0.000355425521706
  9393 393 1.41692 2 2 -1.16950542397 -1.168948 3.10721487109e-07 0.000557423974287
  9394 394 1.46858 2 2 -1.16812382751 -1.168613 2.39289720129e-07 0.000489172485049
  9395 395 1.48484 2 2 -1.16770593945 -1.167209 2.46948820369e-07 0.000496939453423
  9396 396 1.4569 2 2 -1.16847701464 -1.168879 1.61592227285e-07 0.000401985357053
  9397 397 1.39604 2 2 -1.1696633365 -1.169456 4.29884237253e-08 0.000207336498777
  9398 398 1.32844 2 2 -1.16919742256 -1.169348 2.26735661175e-08 0.00015057744226
  9399 399 1.28394 2 2 -1.16808187886 -1.168272 3.61460471955e-08 0.000190121138213
  9400 400 1.2843 2 2 -1.16815614341 -1.167516 4.09783584893e-07 0.00064014340963
  9401 401 1.32684 2 2 -1.16907036549 -1.169798 5.2945197512e-07 0.000727634506549
  9402 402 1.39006 2 2 -1.16976673487 -1.169204 3.16670536585e-07 0.000562734872373
  9403 403 1.44958 2 2 -1.16869439549 -1.168953 6.68762916464e-08 0.000258604508171
  9404 404 1.48166 2 2 -1.16776827735 -1.167591 3.14272592553e-08 0.000177277351219
  9405 405 1.47224 2 2 -1.1680457801 -1.167952 8.79470675076e-09 9.37800978393e-05
  9406 406 1.42338 2 2 -1.16923948845 -1.169551 9.70394488801e-08 0.00031151155497
  9407 407 1.35596 2 2 -1.16961272249 -1.16924 1.38922057262e-07 0.000372722493636
  9408 408 1.29892 2 2 -1.16843698757 -1.169106 4.47577632365e-07 0.00066901243065
  9409 409 1.2785 2 2 -1.16799147271 -1.167257 5.39450168286e-07 0.00073447271446
  9410 410 1.30526 2 2 -1.16859098364 -1.169005 1.71409545467e-07 0.000414016358936
  9411 411 1.36282 2 2 -1.16965234076 -1.16966 5.86639341927e-11 7.65923848647e-06
  9412 412 1.42684 2 2 -1.16927734813 -1.168947 1.09129887954e-07 0.000330348131453
  9413 413 1.47242 2 2 -1.16799758964 -1.168364 1.34256555436e-07 0.000366410364804
  9414 414 1.48068 2 2 -1.16782421424 -1.167293 2.82188565998e-07 0.000531214237382
  9415 415 1.44664 2 2 -1.1686990903 -1.169217 2.6823045836e-07 0.000517909700971
  9416 416 1.38392 2 2 -1.16970162687 -1.169314 1.50254586759e-07 0.000387626865374
  9417 417 1.31986 2 2 -1.16895794953 -1.169367 1.6732228625e-07 0.000409050469074
  9418 418 1.28196 2 2 -1.16802697659 -1.167892 1.82186809342e-08 0.000134976594024
  9419 419 1.28954 2 2 -1.16823742254 -1.167897 1.15887505923e-07 0.000340422540269
  9420 420 1.3367 2 2 -1.16924245124 -1.169881 4.07744521715e-07 0.000638548762206
  9421 421 1.40088 2 2 -1.16967668615 -1.169037 4.0919836889e-07 0.00063968614874
  9422 422 1.45666 2 2 -1.16845457561 -1.168902 2.00188583596e-07 0.000447424388691
  9423 423 1.4817 2 2 -1.1677795062 -1.167357 1.78511492259e-07 0.000422506203811
  9424 424 1.465 2 2 -1.16821446034 -1.168391 3.11662503424e-08 0.000176539656572
  9425 425 1.41154 2 2 -1.16942711458 -1.16949 3.95457563522e-09 6.28854167135e-05
  9426 426 1.34488 2 2 -1.16943991914 -1.169264 3.09475450563e-08 0.000175919143519
  9427 427 1.29298 2 2 -1.16826352986 -1.168835 3.26578120012e-07 0.000571470139213
  9428 428 1.2811 2 2 -1.16805656103 -1.167238 6.70042157522e-07 0.000818561028587
  9429 429 1.31438 2 2 -1.16876249389 -1.169453 4.7679869071e-07 0.000690506112
  9430 430 1.37392 2 2 -1.16972805653 -1.169383 1.19064008944e-07 0.00034505653007
  9431 431 1.4355 2 2 -1.16903242664 -1.168997 1.25504701011e-09 3.54266426593e-05
  9432 432 1.47516 2 2 -1.16791928505 -1.168056 1.86909763934e-08 0.000136714945757
  9433 433 1.47656 2 2 -1.16791456713 -1.167497 1.74362312156e-07 0.000417567134908
  9434 434 1.43618 2 2 -1.16891524427 -1.169472 3.09976943416e-07 0.000556755730474
  9435 435 1.37184 2 2 -1.16968972085 -1.169166 2.74283532492e-07 0.000523720853596
  9436 436 1.31146 2 2 -1.16871346155 -1.169366 4.25806432649e-07 0.000652538453004
  9437 437 1.28096 2 2 -1.16801778744 -1.167544 2.24474533913e-07 0.000473787435368
  9438 438 1.2961 2 2 -1.16835634038 -1.168365 7.49889907191e-11 8.65961839339e-06
  9439 439 1.3476 2 2 -1.1694151779 -1.169842 1.82177102589e-07 0.000426822097119
  9440 440 1.41124 2 2 -1.16953378337 -1.168907 3.92857393836e-07 0.00062678337074
  9441 441 1.4626 2 2 -1.16824482404 -1.168801 3.09331696186e-07 0.000556175957936
  9442 442 1.48048 2 2 -1.16782467521 -1.167213 3.74146558221e-07 0.000611675206479
  9443 443 1.45644 2 2 -1.16840716891 -1.168824 1.7374815578e-07 0.000416831087828
  9444 444 1.39932 2 2 -1.16956260715 -1.169388 3.0487658007e-08 0.000174607153367
  9445 445 1.33438 2 2 -1.16923133705 -1.169286 2.98803827087e-09 5.46629515382e-05
  9446 446 1.28896 2 2 -1.16815051355 -1.168507 1.27082588394e-07 0.000356486449103
  9447 447 1.2846 2 2 -1.16812197853 -1.167384 5.44612306117e-07 0.000737978526867
  9448 448 1.3235 2 2 -1.16892962576 -1.16977 7.06228869828e-07 0.00084037424391
  9449 449 1.38536 2 2 -1.16974282744 -1.169138 3.6581623807e-07 0.000604827444872
  9450 450 1.44424 2 2 -1.16877322466 -1.169017 5.9426415803e-08 0.000243775338792
  9451 451 1.47718 2 2 -1.1678736627 -1.167754 1.43191612068e-08 0.000119662697641
  9452 452 1.47072 2 2 -1.16805758316 -1.167819 5.69219250169e-08 0.000238583161637
  9453 453 1.42502 2 2 -1.16912590789 -1.169584 2.09848380105e-07 0.000458092108756
  9454 454 1.3604 2 2 -1.16960669281 -1.169104 2.52700061544e-07 0.000502692810316
  9455 455 1.30408 2 2 -1.16849971228 -1.169247 5.58438936573e-07 0.000747287720074
  9456 456 1.2808 2 2 -1.1680181928 -1.167314 4.95887499429e-07 0.000704192799899
  9457 457 1.30348 2 2 -1.16849753403 -1.168856 1.28497852557e-07 0.000358465971268
  9458 458 1.35864 2 2 -1.16956162928 -1.169686 1.5468076641e-08 0.000124370722604
  9459 459 1.4219 2 2 -1.16933349925 -1.168874 2.11139558123e-07 0.000459499247141
  9460 460 1.4683 2 2 -1.16806656327 -1.168581 2.64645147974e-07 0.000514436728834
  9461 461 1.47818 2 2 -1.16789583232 -1.167224 4.51358670616e-07 0.000671832323289
  9462 462 1.4465 2 2 -1.16863709752 -1.169183 2.98009519532e-07 0.000545902481705
  9463 463 1.387 2 2 -1.16963758994 -1.169271 1.34388183274e-07 0.000366589938861
  9464 464 1.32526 2 2 -1.16901783202 -1.169318 9.01008183809e-08 0.000300167983604
  9465 465 1.28582 2 2 -1.1680741979 -1.168121 2.19043635458e-09 4.68020977583e-05
  9466 466 1.28884 2 2 -1.16818909925 -1.167709 2.30495285501e-07 0.00048009924547
  9467 467 1.33252 2 2 -1.16910481399 -1.169907 6.43502401342e-07 0.000802186014177
  9468 468 1.39632 2 2 -1.16969190613 -1.168985 4.99716273123e-07 0.000706906127518
  9469 469 1.45348 2 2 -1.16850280772 -1.168969 2.17335242081e-07 0.00046619228016
  9470 470 1.47954 2 2 -1.16782557283 -1.167483 1.17356142154e-07 0.000342572827518
  9471 471 1.46432 2 2 -1.16822801538 -1.168226 4.06177435217e-12 2.01538441796e-06
  9472 472 1.41328 2 2 -1.16933996591 -1.16955 4.41143195841e-08 0.000210034091481
  9473 473 1.3488 2 2 -1.16946699339 -1.169158 9.54769127655e-08 0.000308993386281
  9474 474 1.29798 2 2 -1.16835252509 -1.168993 4.10208116197e-07 0.000640474914573
  9475 475 1.28246 2 2 -1.16806542085 -1.167231 6.96258156598e-07 0.000834420851009
  9476 476 1.3109 2 2 -1.16863562447 -1.16931 4.54782361758e-07 0.000674375534667
  9477 477 1.3687 2 2 -1.16966525412 -1.169443 4.93968949482e-08 0.000222254122455
  9478 478 1.43126 2 2 -1.16910739769 -1.168954 2.35308514421e-08 0.000153397690472
  9479 479 1.47312 2 2 -1.16794222433 -1.168243 9.04660019143e-08 0.000300775667091
  9480 480 1.47656 2 2 -1.16792044297 -1.16739 2.81369748021e-07 0.000530442973392
  9481 481 1.43828 2 2 -1.16883974412 -1.16943 3.48401999551e-07 0.000590255876337
  9482 482 1.37532 2 2 -1.16967595438 -1.169149 2.77680920329e-07 0.00052695438164
  9483 483 1.31518 2 2 -1.16878017194 -1.169376 3.55011075638e-07 0.000595828058787
  9484 484 1.28378 2 2 -1.16807636272 -1.167706 1.37168543612e-07 0.000370362718983
  9485 485 1.2954 2 2 -1.16832955271 -1.168168 2.60992782947e-08 0.000161552710577
  9486 486 1.34242 2 2 -1.16929106429 -1.169867 3.31701942195e-07 0.000575935710123
  9487 487 1.40552 2 2 -1.16958284605 -1.168901 4.64914031208e-07 0.000681846046559
  9488 488 1.45922 2 2 -1.16831487929 -1.168894 3.35380792477e-07 0.00057912070631
  9489 489 1.47946 2 2 -1.16783892499 -1.167264 3.30538739621e-07 0.000574924986082
  9490 490 1.45826 2 2 -1.16834409666 -1.168686 1.1689789588e-07 0.000341903342891
  9491 491 1.40304 2 2 -1.16949651483 -1.1694 9.31511172806e-09 9.65148264675e-05
  9492 492 1.33858 2 2 -1.1692850674 -1.169248 1.37399223972e-09 3.70674013079e-05
  9493 493 1.29254 2 2 -1.16822414966 -1.168678 2.05980133835e-07 0.000453850342993
  9494 494 1.285 2 2 -1.16812722028 -1.167306 6.74402752574e-07 0.000821220282613
  9495 495 1.31978 2 2 -1.16881760974 -1.16967 7.26569155948e-07 0.000852390260355
  9496 496 1.37932 2 2 -1.16971961815 -1.169165 3.07601295165e-07 0.000554618152574
  9497 497 1.43936 2 2 -1.16886972491 -1.169045 3.07213582278e-08 0.000175275093005
  9498 498 1.47536 2 2 -1.16790049466 -1.167897 1.2212621549e-11 3.49465614174e-06
  9499 499 1.47172 2 2 -1.16802442581 -1.167689 1.1251047695e-07 0.000335425814376
  9500 500 1.42836 2 2 -1.16903652532 -1.169561 2.75073694546e-07 0.00052447468437
  9501 501 1.36464 2 2 -1.16962168233 -1.169061 3.14364678005e-07 0.000560682332524
  9502 502 1.30814 2 2 -1.16857761968 -1.169346 5.90408311824e-07 0.000768380317176
  9503 503 1.28306 2 2 -1.16807558882 -1.167383 4.79679270814e-07 0.000692588817997
  9504 504 1.3015 2 2 -1.16842525616 -1.168679 6.43859386702e-08 0.000253743844596
  9505 505 1.35286 2 2 -1.16946206014 -1.169713 6.29708125193e-08 0.000250939858371
  9506 506 1.41546 2 2 -1.16941633951 -1.168875 2.93048467512e-07 0.00054133951224
  9507 507 1.46434 2 2 -1.16815492983 -1.168729 3.29556565419e-07 0.000574070174647
  9508 508 1.47822 2 2 -1.16787646556 -1.167191 4.69863029281e-07 0.000685465556597
  9509 509 1.45 2 2 -1.16852647237 -1.169083 3.09723007613e-07 0.000556527634187
  9510 510 1.39168 2 2 -1.16960038109 -1.169248 1.24172435102e-07 0.000352381093565
  9511 511 1.32906 2 2 -1.16907417595 -1.169322 6.14167580608e-08 0.000247824046575
  9512 512 1.28874 2 2 -1.16813926236 -1.168308 2.84723899869e-08 0.000168737636545
  9513 513 1.28926 2 2 -1.16821110433 -1.167564 4.18744007547e-07 0.000647104325087
  9514 514 1.329 2 2 -1.16899795839 -1.169857 7.37952489136e-07 0.000859041610829
  9515 515 1.3896 2 2 -1.16969949349 -1.168974 5.26340808473e-07 0.000725493493061
  9516 516 1.4467 2 2 -1.16864473189 -1.169062 1.74112679132e-07 0.000417268114205
  9517 517 1.47646 2 2 -1.16788686983 -1.167586 9.05226574491e-08 0.000300869834728
  9518 518 1.46644 2 2 -1.16812552104 -1.168091 1.191702413e-09 3.45210430462e-05
  9519 519 1.41782 2 2 -1.16923267075 -1.169543 9.63042434433e-08 0.000310329250061
  9520 520 1.35378 2 2 -1.16950225415 -1.169083 1.75774038654e-07 0.000419254145661
  9521 521 1.3016 2 2 -1.16840589898 -1.169161 5.70177542978e-07 0.000755101015082
  9522 522 1.28394 2 2 -1.16810407893 -1.167241 7.44905233998e-07 0.000863078926864
  9523 523 1.30934 2 2 -1.16857528752 -1.16915 3.30294436449e-07 0.00057471248155
  9524 524 1.3634 2 2 -1.16958711798 -1.169461 1.5905744875e-08 0.000126117979983
  9525 525 1.42444 2 2 -1.16920618325 -1.168948 6.66585905512e-08 0.000258183249943
  9526 526 1.46816 2 2 -1.16805041807 -1.168425 1.40311619607e-07 0.000374581926428
  9527 527 1.47506 2 2 -1.16794023904 -1.167329 3.73613168934e-07 0.00061123904402
  9528 528 1.441 2 2 -1.168720315 -1.169363 4.13044015536e-07 0.00064268500491
  9529 529 1.38054 2 2 -1.169634863 -1.169092 2.94700231683e-07 0.000542862995316
  9530 530 1.3201 2 2 -1.16884114476 -1.169402 3.14558601786e-07 0.000560855241382
  9531 531 1.28616 2 2 -1.16809811959 -1.16788 4.75761536168e-08 0.000218119585587
  9532 532 1.29512 2 2 -1.16831193434 -1.168009 9.17692149093e-08 0.000302934340921
  9533 533 1.3393 2 2 -1.16919328251 -1.169851 4.32592302483e-07 0.000657717494433
  9534 534 1.3997 2 2 -1.16960493397 -1.168864 5.48983148151e-07 0.000740933970169
  9535 535 1.45232 2 2 -1.16845976417 -1.169015 3.08286827158e-07 0.000555235830218
  9536 536 1.47606 2 2 -1.16790528355 -1.167338 3.21810621557e-07 0.000567283545995
  9537 537 1.45948 2 2 -1.16825548593 -1.168565 9.57989591256e-08 0.00030951406935
  9538 538 1.4069 2 2 -1.16939587713 -1.169395 7.69358879922e-13 8.77131050597e-07
  9539 539 1.34322 2 2 -1.16931568265 -1.169174 2.00739726614e-08 0.000141682647708
  9540 540 1.29598 2 2 -1.16826238251 -1.168859 3.55952428627e-07 0.000596617489374
  9541 541 1.28642 2 2 -1.16815479476 -1.167278 7.68769046605e-07 0.000876794757401
  9542 542 1.3187 2 2 -1.1687562185 -1.169553 6.34860760292e-07 0.000796781500972
  9543 543 1.37484 2 2 -1.16966092065 -1.169148 2.63087591572e-07 0.000512920648417
  9544 544 1.43262 2 2 -1.16896704121 -1.169069 1.03955954219e-08 0.000101958792764
  9545 545 1.46962 2 2 -1.16802888543 -1.168054 6.3074139412e-10 2.51145653779e-05
  9546 546 1.46988 2 2 -1.16802849387 -1.167627 1.61197325042e-07 0.000401493866755
  9547 547 1.4305 2 2 -1.16891826051 -1.16954 3.8655999303e-07 0.000621739489682
  9548 548 1.36922 2 2 -1.16959373467 -1.168953 4.10540918258e-07 0.000640734670716
  9549 549 1.31286 2 2 -1.16862053086 -1.169425 6.47170599917e-07 0.000804469141681
  9550 550 1.28518 2 2 -1.16808650938 -1.167493 3.52253384417e-07 0.000593509380227
  9551 551 1.30094 2 2 -1.16838039421 -1.168546 2.74252782164e-08 0.000165605791615
  9552 552 1.35046 2 2 -1.16938080583 -1.169713 1.10352965542e-07 0.000332194168434
  9553 553 1.41118 2 2 -1.16943875818 -1.168813 3.91573297611e-07 0.000625758178221
  9554 554 1.45844 2 2 -1.16827277838 -1.168886 3.76040750274e-07 0.000613221615955
  9555 555 1.47376 2 2 -1.16798746496 -1.167202 6.1695520628e-07 0.000785464961841
  9556 556 1.44954 2 2 -1.16845953405 -1.169023 3.17493876557e-07 0.000563465949776
  9557 557 1.39468 2 2 -1.16950795245 -1.169209 8.93725675208e-08 0.000298952450267
  9558 558 1.33372 2 2 -1.16909452981 -1.169262 2.80462647178e-08 0.000167470190535
  9559 559 1.2924 2 2 -1.16817043002 -1.168495 1.0534567e-07 0.000324569977046
  9560 560 1.28972 2 2 -1.16819141 -1.167469 5.21876209255e-07 0.0007224100008
  9561 561 1.32736 2 2 -1.16890902785 -1.169844 8.74172912848e-07 0.000934972145493
  9562 562 1.38626 2 2 -1.16967654388 -1.168896 6.09248743492e-07 0.000780543876724
  9563 563 1.4421 2 2 -1.16870207013 -1.169109 1.65591919764e-07 0.000406929870818
  9564 564 1.47248 2 2 -1.1679693394 -1.167724 6.01914190471e-08 0.000245339395628
  9565 565 1.46426 2 2 -1.16815644871 -1.167983 3.00844543755e-08 0.000173448708198
  9566 566 1.41868 2 2 -1.16913751059 -1.169602 2.15750413825e-07 0.000464489411962
  9567 567 1.35702 2 2 -1.16949680538 -1.168935 3.15625289195e-07 0.000561805383736
  9568 568 1.30568 2 2 -1.16843742147 -1.169288 7.23483828646e-07 0.000850578525855
  9569 569 1.28614 2 2 -1.16813059251 -1.167273 7.35464912855e-07 0.000857592509794
  9570 570 1.30854 2 2 -1.16850903457 -1.169037 2.78747494758e-07 0.00052796542951
  9571 571 1.3607 2 2 -1.16950967484 -1.169492 3.12400072901e-10 1.76748429385e-05
  9572 572 1.4207 2 2 -1.16923975797 -1.168868 1.38203985558e-07 0.000371757966368
  9573 573 1.46392 2 2 -1.16812158651 -1.168621 2.49413830977e-07 0.00049941348698
  9574 574 1.47236 2 2 -1.16801084367 -1.167256 5.69788972969e-07 0.000754843674524
  9575 575 1.4408 2 2 -1.16865568695 -1.169366 5.04544624532e-07 0.000710313046855
  9576 576 1.38238 2 2 -1.16958581487 -1.169034 3.04499652341e-07 0.000551814871439
  9577 577 1.32402 2 2 -1.16887121176 -1.169354 2.33084488995e-07 0.000482788244466
  9578 578 1.28954 2 2 -1.16813354884 -1.168078 3.08567329346e-09 5.55488370127e-05
  9579 579 1.29472 2 2 -1.16827736324 -1.167841 1.90412879643e-07 0.000436363242772
  9580 580 1.33706 2 2 -1.16909462421 -1.169926 6.91185696891e-07 0.000831375785605
  9581 581 1.397 2 2 -1.16961493426 -1.168764 7.24089121918e-07 0.000850934264158
  9582 582 1.44938 2 2 -1.16849145142 -1.169076 3.41697037424e-07 0.000584548575761
  9583 583 1.47324 2 2 -1.16796765277 -1.167447 2.71079307813e-07 0.000520652770868
  9584 584 1.45794 2 2 -1.16827968405 -1.168423 2.05394603816e-08 0.000143315946013
  9585 585 1.40768 2 2 -1.16931313269 -1.169492 3.19935137674e-08 0.00017886730771
  9586 586 1.34618 2 2 -1.16933586286 -1.169032 9.23326401135e-08 0.000303862863992
  9587 587 1.2998 2 2 -1.16830492388 -1.169012 4.99956634823e-07 0.000707076116711
  9588 588 1.28796 2 2 -1.16817278448 -1.16725 8.51531195474e-07 0.000922784479429
  9589 589 1.31628 2 2 -1.16865488684 -1.16946 6.48207196519e-07 0.000805113157587
  9590 590 1.37136 2 2 -1.16960891168 -1.169201 1.66391941035e-07 0.000407911682886
  9591 591 1.4303 2 2 -1.16900050766 -1.168989 1.32426311901e-10 1.15076631816e-05
  9592 592 1.46796 2 2 -1.16803513998 -1.168247 4.48846664146e-08 0.000211860016083
  9593 593 1.46892 2 2 -1.16807297761 -1.167509 3.18070746729e-07 0.000563977611904
  9594 594 1.4309 2 2 -1.16887068798 -1.169562 4.7791230929e-07 0.000691312020213
  9595 595 1.37072 2 2 -1.16958103056 -1.16891 4.50282018405e-07 0.000671030564434
  9596 596 1.31584 2 2 -1.16866249981 -1.169404 5.49822530472e-07 0.000741500189124
  9597 597 1.28814 2 2 -1.16813714722 -1.167646 2.41225592457e-07 0.000491147220756
  9598 598 1.30064 2 2 -1.16835757372 -1.168359 2.03427942171e-12 1.42628167685e-06
  9599 599 1.34648 2 2 -1.16926963179 -1.16981 2.91997798084e-07 0.000540368206026
  9600 600 1.40712 2 2 -1.16948368441 -1.168747 5.42703925154e-07 0.000736684413541
  9601 601 1.45626 2 2 -1.16829872415 -1.168968 4.47930162458e-07 0.000669275849301
  9602 602 1.47324 2 2 -1.16798739683 -1.167248 5.4670767179e-07 0.000739396829713
  9603 603 1.4504 2 2 -1.16843440068 -1.168887 2.04846144447e-07 0.00045259931998
  9604 604 1.3963 2 2 -1.16945896438 -1.169279 3.23871792328e-08 0.000179964383234
  9605 605 1.33636 2 2 -1.16913579869 -1.169182 2.13456087756e-09 4.62013081802e-05
  9606 606 1.2955 2 2 -1.16822549817 -1.168659 1.87923833038e-07 0.000433501825876
  9607 607 1.29046 2 2 -1.16821080103 -1.167389 6.75356929069e-07 0.000821801027664
  9608 608 1.3246 2 2 -1.16881987579 -1.169779 9.19919252195e-07 0.000959124211036
  9609 609 1.38194 2 2 -1.16965644112 -1.168922 5.39403763057e-07 0.000734441122934
  9610 610 1.43884 2 2 -1.16876132016 -1.169095 1.11342234238e-07 0.000333679837926
  9611 611 1.47096 2 2 -1.1679829082 -1.167862 1.46187939116e-08 0.000120908204484
  9612 612 1.4647 2 2 -1.16814567003 -1.167867 7.76569868434e-08 0.000278670032195
  9613 613 1.42078 2 2 -1.1690748178 -1.16963 3.08227272872e-07 0.000555182197906
  9614 614 1.35964 2 2 -1.16951411234 -1.168875 4.08464584665e-07 0.000639112341193
  9615 615 1.30866 2 2 -1.16848732067 -1.169351 7.45941977038e-07 0.00086367932535
  9616 616 1.2881 2 2 -1.16817264886 -1.167332 7.06690503591e-07 0.000840648858675
  9617 617 1.3072 2 2 -1.16845753816 -1.168884 1.81869702602e-07 0.000426461841906
  9618 618 1.35632 2 2 -1.16942763072 -1.169571 2.05547501257e-08 0.000143369278877
  9619 619 1.4164 2 2 -1.16930416939 -1.168817 2.37334017121e-07 0.000487169392636
  9620 620 1.4613 2 2 -1.1681658043 -1.168763 3.56642707901e-07 0.000597195703184
  9621 621 1.47216 2 2 -1.16801404238 -1.167213 6.41668889979e-07 0.000801042377143
  9622 622 1.4432 2 2 -1.16858195356 -1.169283 4.91466112165e-07 0.000701046440805
  9623 623 1.38522 2 2 -1.16955873993 -1.169042 2.67020154069e-07 0.000516739928851
  9624 624 1.32648 2 2 -1.1689084011 -1.169327 1.7522503939e-07 0.000418598900369
  9625 625 1.29168 2 2 -1.16817047071 -1.168245 5.55461550299e-09 7.45292929189e-05
  9626 626 1.29604 2 2 -1.16832832153 -1.167712 3.79852227427e-07 0.000616321529258
  9627 627 1.33442 2 2 -1.16900635144 -1.169917 8.29280799143e-07 0.000910648559623
  9628 628 1.3909 2 2 -1.16962739474 -1.168732 8.01731733213e-07 0.000895394735976
  9629 629 1.44466 2 2 -1.16857231246 -1.169142 3.24543890734e-07 0.000569687537808
  9630 630 1.4715 2 2 -1.16798580001 -1.167529 2.08666250562e-07 0.000456800011561
  9631 631 1.45922 2 2 -1.16822253514 -1.16831 7.65010259189e-09 8.74648648995e-05
  9632 632 1.4112 2 2 -1.16923547981 -1.169529 8.61541044488e-08 0.000293520194278
  9633 633 1.34956 2 2 -1.16937242483 -1.168945 1.82691982792e-07 0.000427424827065
  9634 634 1.302 2 2 -1.16832551209 -1.169157 6.91372140917e-07 0.00083148790786
  9635 635 1.28952 2 2 -1.16822281357 -1.167233 9.79730894499e-07 0.000989813565526
  9636 636 1.31582 2 2 -1.16862199346 -1.16934 5.15533386713e-07 0.000718006536678
  9637 637 1.36736 2 2 -1.16954475833 -1.169234 9.6570738261e-08 0.000310758327742
  9638 638 1.42462 2 2 -1.16908181198 -1.168961 1.4595534457e-08 0.000120811979774
  9639 639 1.46346 2 2 -1.16812217327 -1.168426 9.23106807865e-08 0.000303826728229
  9640 640 1.46752 2 2 -1.16809351681 -1.16743 4.40254559074e-07 0.000663516811448
  9641 641 1.4335 2 2 -1.16876290001 -1.169531 5.89977602157e-07 0.000768099994894
  9642 642 1.37484 2 2 -1.16955731 -1.168852 4.97462194514e-07 0.000705309998875
  9643 643 1.31878 2 2 -1.16868415319 -1.169413 5.31217679366e-07 0.000728846814747
  9644 644 1.29008 2 2 -1.16815232443 -1.167803 1.22027556243e-07 0.000349324428351
  9645 645 1.30126 2 2 -1.16837361649 -1.168214 2.54774225044e-08 0.000159616485691
  9646 646 1.34464 2 2 -1.16919383701 -1.16984 4.1752660929e-07 0.000646162989724
  9647 647 1.402 2 2 -1.16951252833 -1.168678 6.96437539591e-07 0.000834528333606
  9648 648 1.45074 2 2 -1.168397138 -1.169072 4.55438712788e-07 0.000674861995365
  9649 649 1.47008 2 2 -1.16804439015 -1.167299 5.55606468462e-07 0.000745390145134
  9650 650 1.45092 2 2 -1.16836944473 -1.168784 1.71856074044e-07 0.000414555272604
  9651 651 1.39904 2 2 -1.16937620218 -1.169316 3.62430238988e-09 6.02021792785e-05
  9652 652 1.33966 2 2 -1.16915941562 -1.169084 5.68751526558e-09 7.54156168547e-05
  9653 653 1.29812 2 2 -1.16823856384 -1.168831 3.50980609459e-07 0.000592436164881
  9654 654 1.29266 2 2 -1.16826743241 -1.167347 8.47195817392e-07 0.000920432407835
  9655 655 1.32424 2 2 -1.16876808885 -1.169686 8.42560871158e-07 0.000917911145568
  9656 656 1.37786 2 2 -1.16960029344 -1.168913 4.72372275561e-07 0.000687293442105
  9657 657 1.43324 2 2 -1.16883499986 -1.169087 6.35040703132e-08 0.00025200013951
  9658 658 1.46606 2 2 -1.1680729335 -1.16803 1.8432850023e-09 4.29334951093e-05
  9659 659 1.4626 2 2 -1.16816630419 -1.167801 1.3344715101e-07 0.000365304189697
  9660 660 1.4226 2 2 -1.16897415417 -1.169625 4.23600298262e-07 0.000650845832945
  9661 661 1.363 2 2 -1.16949395878 -1.168774 5.18340646858e-07 0.000719958781361
  9662 662 1.31176 2 2 -1.16849652088 -1.169405 8.25334309715e-07 0.000908479119031
  9663 663 1.29012 2 2 -1.16818518039 -1.167423 5.80918940299e-07 0.000762180385669
  9664 664 1.30826 2 2 -1.16845744617 -1.168778 1.02754759636e-07 0.000320553832664
  9665 665 1.35506 2 2 -1.16935545811 -1.169591 5.54799815304e-08 0.00023554188912
  9666 666 1.41188 2 2 -1.16933067164 -1.16874 3.48892984499e-07 0.000590671638475
  9667 667 1.4557 2 2 -1.16826231383 -1.168912 4.22092125595e-07 0.000649686174699
  9668 668 1.46794 2 2 -1.16810537093 -1.167206 8.08868072203e-07 0.000899370931375
  9669 669 1.44206 2 2 -1.1685279875 -1.169242 5.09813848576e-07 0.000714012498893
  9670 670 1.38748 2 2 -1.16947617633 -1.169025 2.0356007849e-07 0.000451176327493
  9671 671 1.33022 2 2 -1.16892149447 -1.16924 1.01445772792e-07 0.000318505530237
  9672 672 1.2946 2 2 -1.16817325476 -1.168435 6.85105706768e-08 0.000261745240027
  9673 673 1.29704 2 2 -1.16833158204 -1.167632 4.89415033873e-07 0.000699582042274
  9674 674 1.33422 2 2 -1.1689496119 -1.169907 9.16591965588e-07 0.000957388095595
  9675 675 1.38868 2 2 -1.1695981326 -1.168649 9.00852692982e-07 0.000949132600316
  9676 676 1.4406 2 2 -1.16861061773 -1.169172 3.15150050633e-07 0.000561382267829
  9677 677 1.46684 2 2 -1.16808002713 -1.167652 1.83207222376e-07 0.000428027128084
  9678 678 1.45622 2 2 -1.16825930574 -1.168241 3.35100166524e-10 1.83057413541e-05
  9679 679 1.41096 2 2 -1.16915468031 -1.169596 1.94763065213e-07 0.000441319685957
  9680 680 1.35182 2 2 -1.16935973359 -1.168785 3.30318701559e-07 0.000574733591813
  9681 681 1.30582 2 2 -1.16834517203 -1.169278 8.70168021565e-07 0.000932827969973
  9682 682 1.29182 2 2 -1.16824549011 -1.16723 1.03122015805e-06 0.00101549010731
  9683 683 1.31598 2 2 -1.1685668154 -1.169277 5.04362162762e-07 0.000710184597666
  9684 684 1.36572 2 2 -1.16947629392 -1.169267 4.3803943097e-08 0.000209293915576
  9685 685 1.42166 2 2 -1.16910129323 -1.168855 6.0660353154e-08 0.00024629322596
  9686 686 1.45974 2 2 -1.16816475347 -1.168631 2.17385825139e-07 0.000466246528286
  9687 687 1.46428 2 2 -1.16817965274 -1.167341 7.03338412996e-07 0.000838652736832
  9688 688 1.43188 2 2 -1.16872130992 -1.169556 6.96707535754e-07 0.000834690083656
  9689 689 1.37542 2 2 -1.16950640294 -1.168793 5.08943756889e-07 0.000713402941464
  9690 690 1.3222 2 2 -1.1687017049 -1.169347 4.16405762447e-07 0.000645295097182
  9691 691 1.29314 2 2 -1.16816706083 -1.167995 2.96049308598e-08 0.000172060834764
  9692 692 1.30182 2 2 -1.16836550106 -1.16808 8.15108565337e-08 0.000285501062229
  9693 693 1.34372 2 2 -1.16911766027 -1.169921 6.45354721893e-07 0.00080333973006
  9694 694 1.4001 2 2 -1.16951449307 -1.168543 9.43798785365e-07 0.000971493070158
  9695 695 1.44828 2 2 -1.16840213425 -1.169146 5.53336260947e-07 0.000743865754654
  9696 696 1.4666 2 2 -1.16812175598 -1.167367 5.6965658658e-07 0.000754755978168
  9697 697 1.4481 2 2 -1.16840312128 -1.168697 8.63647009722e-08 0.000293878718134
  9698 698 1.39896 2 2 -1.16929874346 -1.169424 1.56892011008e-08 0.00012525654115
  9699 699 1.34188 2 2 -1.16917213774 -1.168912 6.76716451305e-08 0.000260137742611
  9700 700 1.3014 2 2 -1.16825422539 -1.168999 5.54689224709e-07 0.000744774613362
  9701 701 1.29406 2 2 -1.16828241442 -1.167283 9.9882919142e-07 0.00099941442426
  9702 702 1.32346 2 2 -1.16869875829 -1.169642 8.89704931645e-07 0.000943241714326
  9703 703 1.3764 2 2 -1.16955391095 -1.168948 3.67128075115e-07 0.000605910946522
  9704 704 1.4314 2 2 -1.1688516799 -1.168988 1.85831703879e-08 0.000136320102655
  9705 705 1.46392 2 2 -1.16808302566 -1.168237 2.37080978815e-08 0.000153974341634
  9706 706 1.46056 2 2 -1.16823493424 -1.167681 3.06843140338e-07 0.00055393423828
  9707 707 1.42108 2 2 -1.16894384068 -1.169692 5.59742361015e-07 0.000748159315263
  9708 708 1.36326 2 2 -1.16947300064 -1.168689 6.14657006e-07 0.000784000641581
  9709 709 1.31472 2 2 -1.16852315635 -1.169376 7.27342296435e-07 0.000852843652984
  9710 710 1.29308 2 2 -1.16821685964 -1.167565 4.24920990189e-07 0.000651859639945
  9711 711 1.3083 2 2 -1.16843300629 -1.168629 3.8413533283e-08 0.000195993707254
  9712 712 1.3529 2 2 -1.16927022031 -1.169719 2.01403210438e-07 0.000448779690314
  9713 713 1.40928 2 2 -1.16936426199 -1.168614 5.62893050155e-07 0.000750261987679
  9714 714 1.45414 2 2 -1.16825684386 -1.169005 5.59737612312e-07 0.000748156141666
  9715 715 1.46668 2 2 -1.16812935277 -1.167222 8.23289040322e-07 0.000907352765093
  9716 716 1.44128 2 2 -1.16852672461 -1.169146 3.83502003921e-07 0.000619275386174
  9717 717 1.38748 2 2 -1.16942622202 -1.169116 9.6237704176e-08 0.000310222024002
  9718 718 1.33174 2 2 -1.16894362953 -1.169128 3.39924700939e-08 0.00018437046969
  9719 719 1.29742 2 2 -1.16820971314 -1.168601 1.53105404275e-07 0.000391286856763
  9720 720 1.29842 2 2 -1.16836641407 -1.167541 6.81308391181e-07 0.000825414072561
  9721 721 1.3329 2 2 -1.168881615 -1.169885 1.00678145219e-06 0.001003384997
  9722 722 1.38614 2 2 -1.16957476332 -1.168642 8.70047404931e-07 0.000932763316673
  9723 723 1.43804 2 2 -1.16864070972 -1.169136 2.45312458176e-07 0.000495290276682
  9724 724 1.46482 2 2 -1.16809606707 -1.167799 8.82488462516e-08 0.000297067073658
  9725 725 1.45564 2 2 -1.16827048993 -1.168136 1.8087542555e-08 0.000134489934772
  9726 726 1.41162 2 2 -1.16910393816 -1.169668 3.18165755168e-07 0.000564061836298
  9727 727 1.35304 2 2 -1.16936833789 -1.168684 4.68318341089e-07 0.000684337885178
  9728 728 1.30782 2 2 -1.16835841971 -1.169322 9.28486983132e-07 0.000963580294076
  9729 729 1.29382 2 2 -1.1682788933 -1.16728 9.97787824047e-07 0.000998893299631
  9730 730 1.31626 2 2 -1.16854993168 -1.169162 3.74627623439e-07 0.000612068315991
  9731 731 1.36318 2 2 -1.1694081725 -1.169361 2.22524457782e-09 4.71724981088e-05
  9732 732 1.41828 2 2 -1.16914961379 -1.168772 1.42592175001e-07 0.000377613790798
  9733 733 1.45766 2 2 -1.16817991584 -1.168766 3.43494639365e-07 0.000586084157238
  9734 734 1.46328 2 2 -1.16820439778 -1.167284 8.4713208163e-07 0.000920397784455
  9735 735 1.43198 2 2 -1.16868664806 -1.16952 6.94475451863e-07 0.000833351937577
  9736 736 1.37646 2 2 -1.16947421028 -1.168791 4.6677629161e-07 0.000683210283595
  9737 737 1.3237 2 2 -1.16870853991 -1.169304 3.54572716392e-07 0.000595460087993
  9738 738 1.29568 2 2 -1.16820479365 -1.168153 2.68258174998e-09 5.17936458456e-05
  9739 739 1.30382 2 2 -1.1684199137 -1.167961 2.10601785205e-07 0.000458913701261
  9740 740 1.34188 2 2 -1.16903698648 -1.169961 8.53800980197e-07 0.000924013517324
  9741 741 1.39586 2 2 -1.1695267682 -1.168466 1.12522918338e-06 0.00106076820436
  9742 742 1.44476 2 2 -1.1684420363 -1.169184 5.50510125349e-07 0.000741963695439
  9743 743 1.46504 2 2 -1.16812372743 -1.167452 4.51217740804e-07 0.000671727430439
  9744 744 1.44814 2 2 -1.16838190028 -1.168608 5.11210855121e-08 0.000226099724706
  9745 745 1.40018 2 2 -1.16924715149 -1.169501 6.44390638111e-08 0.000253848505631
  9746 746 1.34338 2 2 -1.16919122521 -1.168797 1.55413515553e-07 0.00039422520918
  9747 747 1.3034 2 2 -1.16826521291 -1.169124 7.37515262063e-07 0.000858787087736
  9748 748 1.29622 2 2 -1.16834064506 -1.167243 1.2048246781e-06 0.00109764506016
  9749 749 1.32438 2 2 -1.1686779805 -1.16957 7.95698783456e-07 0.00089201949724
  9750 750 1.3736 2 2 -1.16949468895 -1.168974 2.71116986571e-07 0.000520688953763
  9751 751 1.42642 2 2 -1.16891455671 -1.168946 9.88680758593e-10 3.14432943343e-05
  9752 752 1.45986 2 2 -1.16814337163 -1.168415 7.37819708349e-08 0.00027162836898
  9753 753 1.45902 2 2 -1.1682564863 -1.167586 4.49551880338e-07 0.00067048630138
  9754 754 1.42232 2 2 -1.16886278209 -1.169704 7.07647573478e-07 0.000841217910816
  9755 755 1.36544 2 2 -1.16945281792 -1.168605 7.18795232509e-07 0.000847817924149
  9756 756 1.31612 2 2 -1.16850295556 -1.169374 7.58718414176e-07 0.000871044438692
  9757 757 1.29528 2 2 -1.16823776494 -1.167712 2.76428776718e-07 0.00052576494436
  9758 758 1.31052 2 2 -1.16848338734 -1.168506 5.1133238259e-10 2.26126597858e-05
  9759 759 1.35228 2 2 -1.16920275752 -1.169786 3.40171790709e-07 0.000583242480199
  9760 760 1.40514 2 2 -1.16938939503 -1.168499 7.92803310195e-07 0.000890395030419
  9761 761 1.44944 2 2 -1.16831788279 -1.169098 6.08582856603e-07 0.000780117206965
  9762 762 1.46288 2 2 -1.16819481107 -1.167262 8.70136490075e-07 0.0009328110688
  9763 763 1.4402 2 2 -1.16848965181 -1.16908 3.4851098722e-07 0.000590348191511
  9764 764 1.38902 2 2 -1.16935000467 -1.169168 3.31256988761e-08 0.000182004667182
  9765 765 1.33374 2 2 -1.16894774897 -1.16901 3.87519022605e-09 6.22510259036e-05
  9766 766 1.29978 2 2 -1.16820914416 -1.168774 3.19062120949e-07 0.000564855840856
  9767 767 1.30098 2 2 -1.1684271837 -1.167469 9.18115996852e-07 0.00095818369682
  9768 768 1.33422 2 2 -1.168847573 -1.169844 9.92866756987e-07 0.000996426995312
  9769 769 1.38354 2 2 -1.16952291643 -1.168609 8.35243242603e-07 0.000913916430864
  9770 770 1.43292 2 2 -1.16869453278 -1.169117 1.78478550648e-07 0.00042246721843
  9771 771 1.46032 2 2 -1.16815746306 -1.167978 3.22069912072e-08 0.000179463063629
  9772 772 1.45282 2 2 -1.1683106522 -1.168057 6.43394381991e-08 0.000253652199279
  9773 773 1.41148 2 2 -1.16902972538 -1.169709 4.6141400637e-07 0.000679274617787
  9774 774 1.3549 2 2 -1.16934653051 -1.168556 6.24938487566e-07 0.000790530510205
  9775 775 1.31018 2 2 -1.16834483927 -1.169355 1.02042469933e-06 0.00101016072946
  9776 776 1.29616 2 2 -1.1682918556 -1.167368 8.5350916523e-07 0.000923855597607
  9777 777 1.31876 2 2 -1.16857181588 -1.169082 2.60287835506e-07 0.000510184119221
  9778 778 1.36356 2 2 -1.16934374374 -1.169402 3.39379155075e-09 5.82562576102e-05
  9779 779 1.41426 2 2 -1.1691723433 -1.168668 2.54362166223e-07 0.000504343301951
  9780 780 1.45216 2 2 -1.16825839403 -1.1689 4.11658216242e-07 0.000641605966495
  9781 781 1.45858 2 2 -1.16828910433 -1.167271 1.03653641937e-06 0.00101810432637
  9782 782 1.42982 2 2 -1.16864035794 -1.169508 7.52802746071e-07 0.000867642061031
  9783 783 1.37754 2 2 -1.16939877945 -1.168766 4.00409833443e-07 0.00063277945087
  9784 784 1.32618 2 2 -1.16869702883 -1.169223 2.76645675684e-07 0.000525971173815
  9785 785 1.29794 2 2 -1.16818937117 -1.16833 1.97764691562e-08 0.000140628834725
  9786 786 1.30614 2 2 -1.16846212559 -1.167885 3.33073942564e-07 0.000577125586475
  9787 787 1.34394 2 2 -1.16900547867 -1.169973 9.36097530345e-07 0.000967521333276
  9788 788 1.39482 2 2 -1.16948922276 -1.168345 1.30924572995e-06 0.00114422276238
  9789 789 1.4404 2 2 -1.16847196765 -1.16922 5.59552400244e-07 0.000748032352404
  9790 790 1.45964 2 2 -1.16821831227 -1.167569 4.21606429128e-07 0.00064931227397
  9791 791 1.44388 2 2 -1.16842408278 -1.168568 2.07121659077e-08 0.000143917218941
  9792 792 1.3986 2 2 -1.16917049986 -1.169576 1.64430362448e-07 0.000405500138654
  9793 793 1.34486 2 2 -1.16917050338 -1.168618 3.05259982693e-07 0.000552503377993
  9794 794 1.30642 2 2 -1.1682549142 -1.169226 9.43007628822e-07 0.000971085798898
  9795 795 1.29918 2 2 -1.16837307465 -1.167238 1.28839445703e-06 0.00113507464822
  9796 796 1.3264 2 2 -1.16865048225 -1.169546 8.01952044923e-07 0.000895517752433
  9797 797 1.37342 2 2 -1.1694291721 -1.168986 1.96401514125e-07 0.000443172104408
  9798 798 1.42396 2 2 -1.16891615038 -1.168841 5.647579147e-09 7.5150376892e-05
  9799 799 1.45624 2 2 -1.1681728138 -1.168608 1.89387031137e-07 0.000435186202834
  9800 800 1.45414 2 2 -1.16837288221 -1.167499 7.63670110065e-07 0.000873882206058
  9801 801 1.41872 2 2 -1.16882980724 -1.169769 8.82083037325e-07 0.000939192758343
  9802 802 1.36512 2 2 -1.16939556669 -1.1685 8.02039693453e-07 0.000895566688445
  9803 803 1.31872 2 2 -1.16848915433 -1.169325 6.98637982963e-07 0.000835845669345
  9804 804 1.29826 2 2 -1.16824315877 -1.167883 1.29714338766e-07 0.000360158768831
  9805 805 1.31288 2 2 -1.16851167035 -1.16841 1.03368604583e-08 0.000101670351914
  9806 806 1.35352 2 2 -1.16914496838 -1.169874 5.31487100499e-07 0.000729031618312
  9807 807 1.40426 2 2 -1.16937595998 -1.16832 1.11505147685e-06 0.00105595997881
  9808 808 1.446 2 2 -1.1683282364 -1.169187 7.37474920123e-07 0.000858763599673
  9809 809 1.45852 2 2 -1.16827428485 -1.167302 9.45337821974e-07 0.00097228484611
  9810 810 1.43632 2 2 -1.16851051164 -1.169053 2.94293623516e-07 0.000542488362563
  9811 811 1.38702 2 2 -1.16927830982 -1.169265 1.77151373496e-10 1.33098224442e-05
  9812 812 1.33458 2 2 -1.16893765509 -1.168816 1.4799961124e-08 0.000121655090826
  9813 813 1.30298 2 2 -1.16821494131 -1.168945 5.32985692568e-07 0.00073005869118
  9814 814 1.30356 2 2 -1.1684686923 -1.167384 1.17655738286e-06 0.0010846922987
  9815 815 1.33574 2 2 -1.16880061196 -1.169859 1.12018523391e-06 0.00105838803561
  9816 816 1.38378 2 2 -1.16947175992 -1.168582 7.91672714137e-07 0.000889759919381
  9817 817 1.43124 2 2 -1.16868423474 -1.169022 1.14085372606e-07 0.00033776526258
  9818 818 1.45706 2 2 -1.16818152829 -1.168198 2.71317083885e-10 1.64717055548e-05
  9819 819 1.44878 2 2 -1.16840966793 -1.16794 2.20587965847e-07 0.000469667931466
  9820 820 1.40772 2 2 -1.16899499243 -1.169819 6.78988478452e-07 0.000824007571841
  9821 821 1.35386 2 2 -1.16930762951 -1.168406 8.12935781561e-07 0.00090162951458
  9822 822 1.3131 2 2 -1.16834947272 -1.169332 9.65359847499e-07 0.000982527275702
  9823 823 1.29976 2 2 -1.16832175808 -1.167503 6.70364797616e-07 0.000818758082474
  9824 824 1.3203 2 2 -1.16856390697 -1.168981 1.73966599143e-07 0.000417093034157
  9825 825 1.36314 2 2 -1.16927031595 -1.169531 6.79561725251e-08 0.000260684047316
  9826 826 1.41346 2 2 -1.16917742557 -1.168492 4.69808212538e-07 0.000685425570386
  9827 827 1.45062 2 2 -1.16823481149 -1.169018 6.13384242536e-07 0.000783188510217
  9828 828 1.45546 2 2 -1.16835965659 -1.167255 1.22026618601e-06 0.00110465659189
  9829 829 1.42652 2 2 -1.16865338194 -1.169479 6.81645179649e-07 0.000825618059183
  9830 830 1.37522 2 2 -1.1693370525 -1.168841 2.46068078397e-07 0.000496052495606
  9831 831 1.3267 2 2 -1.16869146869 -1.169071 1.44044013912e-07 0.000379531308211
  9832 832 1.30164 2 2 -1.16823168248 -1.168523 8.48658965949e-08 0.000291317518517
  9833 833 1.309 2 2 -1.16852157295 -1.167779 5.51414581521e-07 0.000742572946936
  9834 834 1.34434 2 2 -1.16894255371 -1.17 1.11819266515e-06 0.00105744629422
  9835 835 1.39356 2 2 -1.1694577713 -1.168279 1.38950177013e-06 0.00117877129679
  9836 836 1.43814 2 2 -1.16847176642 -1.169176 4.95944936179e-07 0.000704233580695
  9837 837 1.45728 2 2 -1.16822240849 -1.167741 2.31754134598e-07 0.000481408490367
  9838 838 1.44146 2 2 -1.16847082281 -1.168478 5.15120165019e-11 7.17718722773e-06
  9839 839 1.39652 2 2 -1.16913084931 -1.169684 3.05975687425e-07 0.000553150691426
  9840 840 1.34408 2 2 -1.16915504948 -1.168461 4.81704680089e-07 0.000694049479569
  9841 841 1.30852 2 2 -1.16825692129 -1.169267 1.0202589948e-06 0.00101007870723
  9842 842 1.30278 2 2 -1.16843480798 -1.167278 1.33820469884e-06 0.00115680797838
  9843 843 1.32812 2 2 -1.16863602998 -1.169479 7.1059844984e-07 0.000842970017166
  9844 844 1.37282 2 2 -1.16936451699 -1.16907 8.67402603375e-08 0.000294516994989
  9845 845 1.42168 2 2 -1.16893764791 -1.168725 4.52191344925e-08 0.000212647912034
  9846 846 1.45328 2 2 -1.16819457642 -1.168757 3.16320282875e-07 0.000562423579586
  9847 847 1.45146 2 2 -1.16842649823 -1.167435 9.83068732995e-07 0.000991498226421
  9848 848 1.41676 2 2 -1.16880089697 -1.169774 9.46929511995e-07 0.000973103032569
  9849 849 1.36382 2 2 -1.16934330022 -1.168467 7.67902081412e-07 0.000876300223332
  9850 850 1.31962 2 2 -1.16846910554 -1.169267 6.36635566844e-07 0.000797894458462
  9851 851 1.30198 2 2 -1.16829694049 -1.168051 6.04867248063e-08 0.000245940490376
  9852 852 1.31576 2 2 -1.1685640544 -1.168311 6.40365280609e-08 0.000253054397434
  9853 853 1.35362 2 2 -1.16908201124 -1.16994 7.36144707806e-07 0.000857988757389
  9854 854 1.40202 2 2 -1.16937407496 -1.168174 1.44017991215e-06 0.00120007496105
  9855 855 1.44274 2 2 -1.16833706709 -1.169244 8.22527305143e-07 0.000906932911048
  9856 856 1.45552 2 2 -1.16830634763 -1.167374 8.69272107472e-07 0.000932347632309
  9857 857 1.43446 2 2 -1.16850868178 -1.169007 2.48321044396e-07 0.000498318215999
  9858 858 1.38566 2 2 -1.16922767369 -1.169362 1.80435563261e-08 0.000134326305414
  9859 859 1.33448 2 2 -1.16892970541 -1.168651 7.76767073231e-08 0.000278705413157
  9860 860 1.30524 2 2 -1.16821824134 -1.169077 7.37466437004e-07 0.000858758660512
  9861 861 1.30748 2 2 -1.16855663558 -1.167329 1.50708911055e-06 0.00122763557726
  9862 862 1.33826 2 2 -1.16877628133 -1.169832 1.11454191728e-06 0.00105571867336
  9863 863 1.38246 2 2 -1.16941089313 -1.168587 6.78799887071e-07 0.000823893128428
  9864 864 1.42698 2 2 -1.16872057966 -1.168972 6.32121849272e-08 0.000251420335151
  9865 865 1.4527 2 2 -1.16823218843 -1.168372 1.95472761072e-08 0.000139811573581
  9866 866 1.4458 2 2 -1.16845424484 -1.167856 3.57896885981e-07 0.000598244837823
  9867 867 1.40696 2 2 -1.168931471 -1.169866 8.73344453462e-07 0.000934529000867
  9868 868 1.35366 2 2 -1.16927042023 -1.168267 1.00685215162e-06 0.00100342022683
  9869 869 1.31372 2 2 -1.16829548324 -1.169354 1.1204577264e-06 0.00105851675773
  9870 870 1.30322 2 2 -1.16837436806 -1.167627 5.58559014781e-07 0.000747368058443
  9871 871 1.32446 2 2 -1.16862785226 -1.168902 7.51569857298e-08 0.000274147744346
  9872 872 1.3645 2 2 -1.16921040185 -1.16961 1.59678679756e-07 0.000399598147838
  9873 873 1.41042 2 2 -1.1691922931 -1.168314 7.71398774599e-07 0.000878293102898
  9874 874 1.44498 2 2 -1.16829137689 -1.169144 7.26966170326e-07 0.000852623111536
  9875 875 1.45068 2 2 -1.16842641743 -1.167262 1.35586795132e-06 0.00116441743001
  9876 876 1.42396 2 2 -1.16861505109 -1.169462 7.17322447759e-07 0.000846948905046
  9877 877 1.3744 2 2 -1.16926132021 -1.168882 1.43883819092e-07 0.000379320206543
  9878 878 1.32754 2 2 -1.16867050976 -1.168936 7.04850682784e-08 0.0002654902414
  9879 879 1.30434 2 2 -1.16823171847 -1.168703 2.22106280787e-07 0.000471281530284
  9880 880 1.31328 2 2 -1.16861082609 -1.167696 8.36906778195e-07 0.000914826091777
  9881 881 1.34778 2 2 -1.16891171992 -1.169997 1.17783285367e-06 0.00108528008075
  9882 882 1.39214 2 2 -1.16940296176 -1.168197 1.45434375617e-06 0.00120596175568
  9883 883 1.4336 2 2 -1.16849489411 -1.16917 4.55767959627e-07 0.000675105887715
  9884 884 1.45192 2 2 -1.16828935122 -1.167918 1.37901725551e-07 0.0003713512159
  9885 885 1.43684 2 2 -1.16852746801 -1.168418 1.19832448706e-08 0.000109468008434
  9886 886 1.39414 2 2 -1.16906264319 -1.169751 4.73835091763e-07 0.000688356805561
  9887 887 1.34406 2 2 -1.16911619971 -1.168268 7.19442751969e-07 0.000848199712314
  9888 888 1.31082 2 2 -1.16822537352 -1.169316 1.18946611507e-06 0.00109062647825
  9889 889 1.30672 2 2 -1.16847738538 -1.167362 1.24408453694e-06 0.00111538537597
  9890 890 1.33274 2 2 -1.16866733154 -1.169432 5.84717855853e-07 0.000764668461396
  9891 891 1.3745 2 2 -1.1692928644 -1.16912 2.98821002805e-08 0.000172864398534
  9892 892 1.4183 2 2 -1.16895337731 -1.168588 1.33500578864e-07 0.000365377310275
  9893 893 1.44724 2 2 -1.16826653103 -1.1689 4.0128293448e-07 0.000633468968837
  9894 894 1.44562 2 2 -1.16851278968 -1.167411 1.21394050954e-06 0.00110178968481
  9895 895 1.41306 2 2 -1.16875205373 -1.169789 1.07525756757e-06 0.00103694627034
  9896 896 1.36268 2 2 -1.16926027714 -1.168414 7.16185002727e-07 0.000846277142978
  9897 897 1.32086 2 2 -1.16842831669 -1.169204 6.01684596496e-07 0.000775683309409
  9898 898 1.30502 2 2 -1.16830528355 -1.168226 6.28588151392e-09 7.92835513453e-05
  9899 899 1.3209 2 2 -1.16865614099 -1.168246 1.68215630928e-07 0.000410140989086
  9900 900 1.3579 2 2 -1.16904620608 -1.169963 8.40511088437e-07 0.000916793918194
  9901 901 1.4012 2 2 -1.16932903189 -1.168001 1.76366870368e-06 0.00132803189106
  9902 902 1.43796 2 2 -1.16835034851 -1.169304 9.09451173266e-07 0.00095365149466
  9903 903 1.44904 2 2 -1.16840082274 -1.167488 8.33245353989e-07 0.000912822739632
  9904 904 1.42808 2 2 -1.16855838119 -1.169005 1.99468358924e-07 0.000446618807177
  9905 905 1.38218 2 2 -1.16914560513 -1.169428 7.97468650898e-08 0.000282394874404
  9906 906 1.33504 2 2 -1.16889797896 -1.16843 2.1900431161e-07 0.000467978964923
  9907 907 1.3086 2 2 -1.16820300241 -1.169194 9.82076216752e-07 0.000990997586653
  9908 908 1.31186 2 2 -1.16860656744 -1.167321 1.65268363304e-06 0.00128556743621
  9909 909 1.34242 2 2 -1.16875568613 -1.169839 1.17356893125e-06 0.00108331386553
  9910 910 1.38426 2 2 -1.16933867617 -1.168571 5.89326706697e-07 0.000767676173068
  9911 911 1.42522 2 2 -1.168700115 -1.168875 3.05847641434e-08 0.000174885002626
  9912 912 1.44756 2 2 -1.16828959952 -1.168566 7.63972267655e-08 0.000276400482571
  9913 913 1.43858 2 2 -1.16858931056 -1.167779 6.56603196728e-07 0.00081031055573
  9914 914 1.40106 2 2 -1.16888555626 -1.169944 1.12030315848e-06 0.00105844374365
  9915 915 1.35196 2 2 -1.1691946989 -1.1681 1.1983656866e-06 0.00109469890226
  9916 916 1.31638 2 2 -1.16826691349 -1.169348 1.16874804935e-06 0.00108108651335
  9917 917 1.30744 2 2 -1.16840382378 -1.167782 3.86664813917e-07 0.000621823780437
  9918 918 1.3288 2 2 -1.16866795801 -1.168848 3.24151195678e-08 0.000180041993901
  9919 919 1.36798 2 2 -1.16915381774 -1.169691 2.88564778447e-07 0.000537182258127
  9920 920 1.41008 2 2 -1.16916898615 -1.168072 1.2033786128e-06 0.00109698614978
  9921 921 1.44122 2 2 -1.16828069739 -1.169271 9.80699259993e-07 0.000990302610313
  9922 922 1.44482 2 2 -1.16851951123 -1.167282 1.53143404393e-06 0.00123751122982
  9923 923 1.4175 2 2 -1.16863621927 -1.169493 7.34073223873e-07 0.000856780732669
  9924 924 1.3701 2 2 -1.16917732128 -1.168948 5.25882475953e-08 0.000229321275932
  9925 925 1.32792 2 2 -1.16865215117 -1.168718 4.33606860672e-09 6.58488314757e-05
  9926 926 1.30844 2 2 -1.16824830926 -1.168904 4.29930344413e-07 0.000655690738392
  9927 927 1.31806 2 2 -1.16868922189 -1.167593 1.20170244148e-06 0.00109622189427
  9928 928 1.35146 2 2 -1.16886077248 -1.170045 1.40239481443e-06 0.00118422751802
  9929 929 1.39366 2 2 -1.16933788044 -1.168107 1.51506666681e-06 0.00123088044375
  9930 930 1.43182 2 2 -1.16846447406 -1.169118 4.27096158232e-07 0.000653525943044
  9931 931 1.44692 2 2 -1.16834521163 -1.168133 4.50337750641e-08 0.000212211628013
  9932 932 1.43014 2 2 -1.16864019035 -1.168323 1.00609719993e-07 0.000317190352932
  9933 933 1.38834 2 2 -1.169001141 -1.169865 7.46252378008e-07 0.000863859003546
  9934 934 1.3422 2 2 -1.1690614143 -1.168042 1.03920550724e-06 0.00101941429617
  9935 935 1.31428 2 2 -1.16822118981 -1.169348 1.26970119439e-06 0.00112681018561
  9936 936 1.31162 2 2 -1.16852536222 -1.167475 1.10326079607e-06 0.00105036222136
  9937 937 1.33644 2 2 -1.16867235947 -1.169385 5.07856520802e-07 0.000712640527055
  9938 938 1.37656 2 2 -1.16922435513 -1.16922 1.89671644436e-11 4.3551308182e-06
  9939 939 1.41792 2 2 -1.16894299897 -1.168366 3.32927808598e-07 0.000576998967588
  9940 940 1.44428 2 2 -1.16825370999 -1.169063 6.54950326039e-07 0.000809290013554
  9941 941 1.44022 2 2 -1.16861106198 -1.167364 1.55516359117e-06 0.00124706198369
  9942 942 1.40654 2 2 -1.16875096438 -1.169821 1.14497623688e-06 0.00107003562412
  9943 943 1.35858 2 2 -1.16916967872 -1.168427 5.51571677592e-07 0.000742678717611
  9944 944 1.32196 2 2 -1.16842076201 -1.169054 4.00990353837e-07 0.000633237991467
  9945 945 1.31002 2 2 -1.16835701874 -1.168456 9.79728933847e-09 9.89812575111e-05
  9946 946 1.32568 2 2 -1.16873305447 -1.168126 3.68515123705e-07 0.000607054465188
  9947 947 1.36062 2 2 -1.16898237185 -1.170015 1.06632088755e-06 0.00103262814583
  9948 948 1.4011 2 2 -1.1692848134 -1.167856 2.04150773729e-06 0.00142881340185
  9949 949 1.43526 2 2 -1.16832918084 -1.169305 9.52223034636e-07 0.000975819160826
  9950 950 1.44484 2 2 -1.16843408079 -1.167664 5.9302441986e-07 0.000770080787879
  9951 951 1.42268 2 2 -1.16862575384 -1.168948 1.03842584556e-07 0.000322246155223
  9952 952 1.3775 2 2 -1.16908315205 -1.169531 2.00567788048e-07 0.00044784795193
  9953 953 1.33334 2 2 -1.16885996567 -1.168211 4.21156438759e-07 0.000648965668398
  9954 954 1.3117 2 2 -1.16820995436 -1.169272 1.12794094094e-06 0.00106204563976
  9955 955 1.31766 2 2 -1.16869379715 -1.167345 1.81925374458e-06 0.00134879714731
  9956 956 1.34688 2 2 -1.16874315888 -1.169822 1.16389815619e-06 0.00107884111721
  9957 957 1.38524 2 2 -1.16926782508 -1.168607 4.36689792914e-07 0.000660825084961
  9958 958 1.42284 2 2 -1.16870546594 -1.168756 2.55369107407e-09 5.05340585553e-05
  9959 959 1.4431 2 2 -1.1683230044 -1.168742 1.75557315931e-07 0.000418995603713
  9960 960 1.43322 2 2 -1.1686726605 -1.167701 9.44124122772e-07 0.000971660497691
  9961 961 1.39638 2 2 -1.1688392744 -1.169986 1.31497961182e-06 0.00114672560441
  9962 962 1.34884 2 2 -1.16911126386 -1.167998 1.23935641476e-06 0.00111326385675
  9963 963 1.3176 2 2 -1.1682363359 -1.169316 1.16567457857e-06 0.00107966410451
  9964 964 1.31308 2 2 -1.16848492179 -1.167971 2.64115606954e-07 0.000513921790698
  9965 965 1.3342 2 2 -1.16873679903 -1.16876 5.38284797164e-10 2.3200965436e-05
  9966 966 1.3703 2 2 -1.16908754284 -1.169747 4.34883742538e-07 0.00065945715747
  9967 967 1.40868 2 2 -1.1691503109 -1.167871 1.63663637733e-06 0.0012793108994
  9968 968 1.4375 2 2 -1.16826881618 -1.169362 1.195050863e-06 0.0010931838194
  9969 969 1.43936 2 2 -1.16858483758 -1.167346 1.53471855843e-06 0.00123883758355
  9970 970 1.41196 2 2 -1.1686481362 -1.169502 7.29083383439e-07 0.000853863796773
  9971 971 1.3666 2 2 -1.16910285919 -1.169005 9.57642046287e-09 9.78591869109e-05
  9972 972 1.32698 2 2 -1.16861605511 -1.16853 7.40548115638e-09 8.60551053476e-05
  9973 973 1.31254 2 2 -1.1682809935 -1.169063 6.11534161783e-07 0.000782006497276
  9974 974 1.32474 2 2 -1.16880021715 -1.167514 1.65435454644e-06 0.00128621714591
  9975 975 1.35596 2 2 -1.16881217944 -1.170066 1.57206599571e-06 0.00125382055962
  9976 976 1.39358 2 2 -1.1692720075 -1.168056 1.47867424582e-06 0.00121600750237
  9977 977 1.42762 2 2 -1.16848077599 -1.169084 3.63879202141e-07 0.000603224006602
  9978 978 1.44108 2 2 -1.16840564098 -1.168335 4.99014792805e-09 7.06409790989e-05
  9979 979 1.42468 2 2 -1.16870500938 -1.168232 2.23737875568e-07 0.000473009382114
  9980 980 1.38448 2 2 -1.16892964326 -1.169924 9.88745319411e-07 0.000994356736494
  9981 981 1.3399 2 2 -1.16899026342 -1.167842 1.31850888575e-06 0.00114826342176
  9982 982 1.31574 2 2 -1.16817277516 -1.16941 1.53072531071e-06 0.00123722484242
  9983 983 1.31798 2 2 -1.16862602279 -1.167601 1.05067172299e-06 0.00102502279145
  9984 984 1.34352 2 2 -1.16873337733 -1.169342 3.70421549684e-07 0.000608622666095
  9985 985 1.37932 2 2 -1.16915332229 -1.169263 1.20291994746e-08 0.000109677707282
  9986 986 1.41488 2 2 -1.16895019027 -1.168165 6.16523760865e-07 0.000785190270486
  9987 987 1.4377 2 2 -1.16830004726 -1.169222 8.4999685372e-07 0.000921952739418
  9988 988 1.43304 2 2 -1.1686963567 -1.16734 1.83970350346e-06 0.00135635670215
  9989 989 1.40118 2 2 -1.16869886388 -1.169861 1.35056035898e-06 0.00116213611895
  9990 990 1.35588 2 2 -1.16907768404 -1.16842 4.32548291437e-07 0.000657684036173
  9991 991 1.32236 2 2 -1.16838543031 -1.168921 2.86834893823e-07 0.000535569690911
  9992 992 1.3146 2 2 -1.16839141763 -1.168671 7.81663022561e-08 0.000279582371147
  9993 993 1.33304 2 2 -1.16884751582 -1.16801 7.01432749289e-07 0.000837515820322
  9994 994 1.3661 2 2 -1.16892086578 -1.170031 1.23239798993e-06 0.00111013422158
  9995 995 1.40108 2 2 -1.16921866546 -1.167725 2.2310364941e-06 0.00149366545588
  9996 996 1.43034 2 2 -1.16833830613 -1.169329 9.81474339715e-07 0.000990693867809
  9997 997 1.43672 2 2 -1.16853430126 -1.167862 4.51988982106e-07 0.000672301258444
  9998 998 1.41482 2 2 -1.16868937113 -1.168897 4.31097480414e-08 0.000207628870925
  9999 999 1.37342 2 2 -1.16899053349 -1.169575 3.41601100682e-07 0.000584466509461
