  19000 0 1.4856 2 2 -1.16698599459 -1.168074 1.18375577302e-06 0.00108800541038
  19001 1 1.42074 2 2 -1.1690803311 -1.169816 5.41208728181e-07 0.000735668898473
  19002 2 1.3383 2 2 -1.16933093883 -1.170066 5.40314917311e-07 0.000735061165694
  19003 3 1.27238 2 2 -1.16775280456 -1.168044 8.47947848793e-08 0.000291195441035
  19004 4 1.2589 2 2 -1.1672663215 -1.167298 1.00352734849e-09 3.16784997828e-05
  19005 5 1.30554 2 2 -1.16891949887 -1.169334 1.71811183032e-07 0.000414501125489
  19006 6 1.38534 2 2 -1.16996468731 -1.170249 8.08337035824e-08 0.000284312686285
  19007 7 1.46124 2 2 -1.16873949007 -1.168845 1.11323461257e-08 0.000105509933777
  19008 8 1.50494 2 2 -1.16705155841 -1.167344 8.55220859137e-08 0.000292441594021
  19009 9 1.50236 2 2 -1.16724468332 -1.167465 4.85394412907e-08 0.000220316684095
  19010 10 1.45386 2 2 -1.16911203319 -1.169088 5.77594184886e-10 2.40331892367e-05
  19011 11 1.37468 2 2 -1.17019273585 -1.170282 7.96808861238e-09 8.92641507683e-05
  19012 12 1.2958 2 2 -1.16898434165 -1.169044 3.559119115e-09 5.96583532709e-05
  19013 13 1.25666 2 2 -1.16753132691 -1.167205 1.06489250789e-07 0.000326326907854
  19014 14 1.27962 2 2 -1.16838058035 -1.168338 1.81308606929e-09 4.25803483932e-05
  19015 15 1.34992 2 2 -1.17000079563 -1.170177 3.10479789095e-08 0.000176204366885
  19016 16 1.4309 2 2 -1.16964966797 -1.169614 1.27220401772e-09 3.5667969072e-05
  19017 17 1.4904 2 2 -1.16780149163 -1.167862 3.66126263393e-09 6.05083682967e-05
  19018 18 1.50862 2 2 -1.16699111932 -1.167185 3.75897178324e-08 0.000193880679368
  19019 19 1.4791 2 2 -1.16831455394 -1.168302 1.57601285335e-10 1.25539350538e-05
  19020 20 1.41074 2 2 -1.17002631537 -1.169985 1.70695988126e-09 4.13153710048e-05
  19021 21 1.3275 2 2 -1.16976426468 -1.169866 1.03500746626e-08 0.000101735316693
  19022 22 1.26676 2 2 -1.1679827632 -1.167771 4.48436520033e-08 0.000211763197944
  19023 23 1.26262 2 2 -1.16775742836 -1.167501 6.57555038832e-08 0.000256428360138
  19024 24 1.31612 2 2 -1.16943941774 -1.169592 2.32813464575e-08 0.000152582261281
  19025 25 1.39688 2 2 -1.17009969338 -1.170138 1.4673971635e-09 3.83066203612e-05
  19026 26 1.46898 2 2 -1.16862086787 -1.168591 8.92089477106e-10 2.98678669661e-05
  19027 27 1.50612 2 2 -1.16709545671 -1.167267 2.94271018565e-08 0.000171543294408
  19028 28 1.49672 2 2 -1.16757031438 -1.167646 5.72831318085e-09 7.56856207007e-05
  19029 29 1.44328 2 2 -1.16942609714 -1.169336 8.11749458634e-09 9.00971397234e-05
  19030 30 1.36286 2 2 -1.1701734451 -1.170248 5.55843291891e-09 7.45548986916e-05
  19031 31 1.28772 2 2 -1.16874225831 -1.168706 1.31466495747e-09 3.6258308806e-05
  19032 32 1.25678 2 2 -1.16752733714 -1.167195 1.10447976394e-07 0.000332337142664
  19033 33 1.2878 2 2 -1.16865378614 -1.168656 4.90116462409e-12 2.21385740826e-06
  19034 34 1.36158 2 2 -1.17009414637 -1.170239 2.09825738567e-08 0.000144853629077
  19035 35 1.44074 2 2 -1.16942846819 -1.169371 3.30259296236e-09 5.74681908743e-05
  19036 36 1.49466 2 2 -1.16760660888 -1.167667 3.64708737008e-09 6.03911199605e-05
  19037 37 1.5063 2 2 -1.16709009226 -1.167281 3.64457664258e-08 0.000190907743232
  19038 38 1.47064 2 2 -1.16860696887 -1.168547 3.59626553856e-09 5.99688714131e-05
  19039 39 1.39862 2 2 -1.17012416693 -1.170111 1.73368044429e-10 1.31669299546e-05
  19040 40 1.31684 2 2 -1.16952782564 -1.169624 9.24950693249e-09 9.61743569383e-05
  19041 41 1.26276 2 2 -1.16779592443 -1.167527 7.23203495652e-08 0.000268924430956
  19042 42 1.26784 2 2 -1.16794054169 -1.167771 2.87443857055e-08 0.000169541693119
  19043 43 1.32754 2 2 -1.16966193882 -1.169801 1.93380119215e-08 0.000139061180498
  19044 44 1.40814 2 2 -1.16997844632 -1.169986 5.70580660202e-11 7.55367897254e-06
  19045 45 1.47564 2 2 -1.1683628055 -1.168348 2.19202904884e-10 1.48055025205e-05
  19046 46 1.50658 2 2 -1.16705376975 -1.167213 2.53542738245e-08 0.000159230254112
  19047 47 1.4905 2 2 -1.16781576525 -1.167875 3.50875569398e-09 5.92347507295e-05
  19048 48 1.4323 2 2 -1.16964575116 -1.169558 7.70026612553e-09 8.77511602518e-05
  19049 49 1.35054 2 2 -1.17005318036 -1.17015 9.37404218765e-09 9.68196374072e-05
  19050 50 1.28024 2 2 -1.16846255243 -1.168389 5.40996054296e-09 7.35524339704e-05
  19051 51 1.2585 2 2 -1.16757376829 -1.167234 1.15442490972e-07 0.000339768290122
  19052 52 1.29728 2 2 -1.16892014295 -1.169004 7.0320048292e-09 8.38570499672e-05
  19053 53 1.3734 2 2 -1.17012545863 -1.170214 7.83957506593e-09 8.85413748816e-05
  19054 54 1.4498 2 2 -1.16917448951 -1.169116 3.4210232596e-09 5.84895140995e-05
  19055 55 1.49814 2 2 -1.16742721294 -1.167529 1.03606058377e-08 0.000101787061249
  19056 56 1.50256 2 2 -1.16725078731 -1.167379 1.64384942701e-08 0.000128212691533
  19057 57 1.46122 2 2 -1.16888558437 -1.168841 1.98776577615e-09 4.45843669479e-05
  19058 58 1.38622 2 2 -1.17016664703 -1.170161 3.18889396436e-11 5.64702927597e-06
  19059 59 1.30642 2 2 -1.16924860371 -1.169336 7.63811227577e-09 8.73962944052e-05
  19060 60 1.26038 2 2 -1.16766619365 -1.16737 8.7730676579e-08 0.000296193647094
  19061 61 1.27468 2 2 -1.16817538463 -1.168046 1.67403829447e-08 0.000129384631795
  19062 62 1.33916 2 2 -1.16982700385 -1.169999 2.95826747502e-08 0.000171996147486
  19063 63 1.41928 2 2 -1.16981165016 -1.169757 2.98663960752e-09 5.46501565187e-05
  19064 64 1.48144 2 2 -1.16811349296 -1.16814 7.02623049924e-10 2.65070377433e-05
  19065 65 1.50542 2 2 -1.16708772987 -1.167208 1.4464903571e-08 0.000120270127509
  19066 66 1.48322 2 2 -1.16808046567 -1.168109 8.14208105444e-10 2.85343320483e-05
  19067 67 1.42066 2 2 -1.16981962434 -1.16978 1.57008821851e-09 3.96243387139e-05
  19068 68 1.33894 2 2 -1.16988644222 -1.169955 4.70016876786e-09 6.85577768591e-05
  19069 69 1.2735 2 2 -1.16817771754 -1.168112 4.31879465924e-09 6.57175369231e-05
  19070 70 1.26106 2 2 -1.16765365049 -1.167338 9.96352324991e-08 0.000315650491048
  19071 71 1.30808 2 2 -1.16919335539 -1.16934 2.1504640371e-08 0.000146644605666
  19072 72 1.38622 2 2 -1.17010311724 -1.170141 1.435103638e-09 3.78827617525e-05
  19073 73 1.45908 2 2 -1.1688861593 -1.168824 3.86377903068e-09 6.21593036534e-05
  19074 74 1.5001 2 2 -1.1673150205 -1.167453 1.90383434002e-08 0.000137979503551
  19075 75 1.4971 2 2 -1.16748402071 -1.167488 1.58347566534e-11 3.9792909737e-06
  19076 76 1.4501 2 2 -1.1691633513 -1.169173 9.30973797554e-11 9.64869834513e-06
  19077 77 1.37346 2 2 -1.17014676733 -1.170138 7.68659914078e-11 8.76732521399e-06
  19078 78 1.29714 2 2 -1.16895577081 -1.169005 2.4235128857e-09 4.92291873354e-05
  19079 79 1.25932 2 2 -1.16757774446 -1.167298 7.8256961605e-08 0.000279744457684
  19080 80 1.28192 2 2 -1.16840313884 -1.168335 4.64290129725e-09 6.81388383908e-05
  19081 81 1.3512 2 2 -1.16994734679 -1.170193 6.0345501715e-08 0.000245653214339
  19082 82 1.431 2 2 -1.16959870959 -1.169456 2.03660259086e-08 0.000142709585903
  19083 83 1.48838 2 2 -1.16780999921 -1.167951 1.98812215723e-08 0.000141000785715
  19084 84 1.5045 2 2 -1.1671329577 -1.167246 1.27785623013e-08 0.000113042303149
  19085 85 1.47412 2 2 -1.16842242374 -1.168337 7.29721472173e-09 8.54237362899e-05
  19086 86 1.40724 2 2 -1.16997396839 -1.170013 1.52346634907e-09 3.90316070522e-05
  19087 87 1.32694 2 2 -1.16968019336 -1.169688 6.0943552957e-11 7.8066351879e-06
  19088 88 1.26904 2 2 -1.16797842016 -1.167863 1.33218122355e-08 0.000115420155239
  19089 89 1.26544 2 2 -1.16780287326 -1.167508 8.69502423396e-08 0.000294873264878
  19090 90 1.31796 2 2 -1.16939797363 -1.169625 5.15409744818e-08 0.000227026373978
  19091 91 1.3974 2 2 -1.17003168811 -1.170059 7.45939227432e-10 2.73118880239e-05
  19092 92 1.46798 2 2 -1.16858779207 -1.168525 3.94284391797e-09 6.27920689098e-05
  19093 93 1.50362 2 2 -1.16713862638 -1.167394 6.52156871006e-08 0.000255373622562
  19094 94 1.49288 2 2 -1.1676832652 -1.16763 2.83718105722e-09 5.32651955522e-05
  19095 95 1.43934 2 2 -1.16943348619 -1.169441 5.64573030828e-11 7.51380749572e-06
  19096 96 1.36048 2 2 -1.17009761437 -1.170109 1.2963263127e-10 1.13856326688e-05
  19097 97 1.28818 2 2 -1.16867983766 -1.168674 3.40783153108e-11 5.8376635147e-06
  19098 98 1.25956 2 2 -1.16758006717 -1.167281 8.94411742961e-08 0.000299067173552
  19099 99 1.29076 2 2 -1.16868852989 -1.168636 2.75938918501e-09 5.25298884922e-05
  19100 100 1.36274 2 2 -1.17002519288 -1.170271 6.04211401097e-08 0.000245807119729
  19101 101 1.43986 2 2 -1.16939853948 -1.169206 3.70714523146e-08 0.000192539482483
  19102 102 1.49298 2 2 -1.16759527911 -1.167786 3.63744576619e-08 0.000190720889422
  19103 103 1.50322 2 2 -1.167183919 -1.167298 1.30144742389e-08 0.000114080998588
  19104 104 1.4667 2 2 -1.16866981058 -1.168603 4.46365323018e-09 6.68105772328e-05
  19105 105 1.39524 2 2 -1.17007646452 -1.170121 1.98340888583e-09 4.45354789559e-05
  19106 106 1.3159 2 2 -1.16944848752 -1.169445 1.21628301665e-11 3.48752493418e-06
  19107 107 1.26522 2 2 -1.16781661686 -1.167661 2.42166085205e-08 0.000155616864512
  19108 108 1.27086 2 2 -1.16800678587 -1.16773 7.6610416908e-08 0.000276785868331
  19109 109 1.32894 2 2 -1.16960618356 -1.169861 6.49314163831e-08 0.000254816436642
  19110 110 1.40804 2 2 -1.16992697645 -1.169883 1.93392832921e-09 4.39764519852e-05
  19111 111 1.47444 2 2 -1.16834094392 -1.168312 8.37750628087e-10 2.89439221269e-05
  19112 112 1.50426 2 2 -1.16709508218 -1.167343 6.14632435923e-08 0.000247917816206
  19113 113 1.48712 2 2 -1.1679085723 -1.167837 5.12259343675e-09 7.1572295176e-05
  19114 114 1.4285 2 2 -1.1696413725 -1.169665 5.58258716751e-10 2.36274991641e-05
  19115 115 1.34888 2 2 -1.16998447634 -1.169987 6.36886887311e-12 2.52366179848e-06
  19116 116 1.28124 2 2 -1.16842334077 -1.168407 2.67020856674e-10 1.63407728298e-05
  19117 117 1.26126 2 2 -1.1676331188 -1.167295 1.14324323232e-07 0.000338118800471
  19118 118 1.2997 2 2 -1.16893041714 -1.168984 2.87112323441e-09 5.35828632532e-05
  19119 119 1.37376 2 2 -1.1700579808 -1.170232 3.02826816132e-08 0.000174019198979
  19120 120 1.44862 2 2 -1.16915913065 -1.168973 3.46446171968e-08 0.000186130645507
  19121 121 1.49636 2 2 -1.16742795919 -1.167669 5.81006723688e-08 0.000241040810588
  19122 122 1.50026 2 2 -1.1673126224 -1.167356 1.881616034e-09 4.33775982968e-05
  19123 123 1.45772 2 2 -1.16892731654 -1.168919 6.9164830377e-11 8.31653956745e-06
  19124 124 1.3831 2 2 -1.17011922825 -1.170118 1.50860463326e-12 1.22825267485e-06
  19125 125 1.3063 2 2 -1.16919056367 -1.169216 6.47007068163e-10 2.54363336226e-05
  19126 126 1.26316 2 2 -1.16771515973 -1.167501 4.58643913438e-08 0.000214159733245
  19127 127 1.27754 2 2 -1.16823284514 -1.167978 6.49460441705e-08 0.000254845137624
  19128 128 1.33968 2 2 -1.16975337195 -1.170073 1.02162090883e-07 0.000319628050839
  19129 129 1.41764 2 2 -1.16979227113 -1.16962 2.96773421093e-08 0.000172271129645
  19130 130 1.4802 2 2 -1.16808756977 -1.16818 8.54334668455e-09 9.24302260332e-05
  19131 131 1.50392 2 2 -1.16710131989 -1.167291 3.59785437442e-08 0.000189680108984
  19132 132 1.48034 2 2 -1.16815197449 -1.168077 5.62117469072e-09 7.49744936009e-05
  19133 133 1.41736 2 2 -1.1698050705 -1.169862 3.24096763938e-09 5.69294970941e-05
  19134 134 1.33746 2 2 -1.16982320427 -1.169782 1.69779160918e-09 4.12042668807e-05
  19135 135 1.27586 2 2 -1.16819866185 -1.168203 1.88195279466e-11 4.33814798578e-06
  19136 136 1.26468 2 2 -1.16775575281 -1.167348 1.6626235309e-07 0.000407752808807
  19137 137 1.30912 2 2 -1.16914549725 -1.169312 2.77231653602e-08 0.000166502748807
  19138 138 1.38398 2 2 -1.1700401699 -1.170133 8.61742712097e-09 9.28300981415e-05
  19139 139 1.45602 2 2 -1.16892137543 -1.168743 3.18177925195e-08 0.000178375425772
  19140 140 1.49906 2 2 -1.16727755243 -1.167593 9.95071714532e-08 0.000315447573224
  19141 141 1.49626 2 2 -1.16748046476 -1.167455 6.48454067028e-10 2.54647612796e-05
  19142 142 1.44744 2 2 -1.16918587305 -1.169211 6.31363506879e-10 2.51269478226e-05
  19143 143 1.37144 2 2 -1.17009897505 -1.170059 1.59800496392e-09 3.99750542704e-05
  19144 144 1.29824 2 2 -1.16893636608 -1.168984 2.26899059697e-09 4.76339227544e-05
  19145 145 1.26264 2 2 -1.16766874215 -1.167393 7.60337316371e-08 0.000275742147009
  19146 146 1.285 2 2 -1.1684590776 -1.16827 3.57503373575e-08 0.000189077596128
  19147 147 1.35022 2 2 -1.16985648721 -1.170191 1.11898809642e-07 0.000334512794437
  19148 148 1.42614 2 2 -1.16963195406 -1.169364 7.1799380778e-08 0.000267954064679
  19149 149 1.48432 2 2 -1.16788394714 -1.168069 3.42445600734e-08 0.000185052857512
  19150 150 1.50288 2 2 -1.16712953902 -1.167273 2.05810524419e-08 0.000143460978813
  19151 151 1.47324 2 2 -1.16838209027 -1.168351 9.6660478749e-10 3.10902683728e-05
  19152 152 1.40594 2 2 -1.16992975847 -1.169973 1.86982965879e-09 4.32415270174e-05
  19153 153 1.32682 2 2 -1.16962063944 -1.169576 1.99268001587e-09 4.46394446187e-05
  19154 154 1.27146 2 2 -1.16800426513 -1.168011 4.53584732263e-11 6.73486994873e-06
  19155 155 1.26958 2 2 -1.16793144576 -1.167482 2.02001489549e-07 0.000449445758184
  19156 156 1.31982 2 2 -1.16935998528 -1.169595 5.52319165488e-08 0.000235014715601
  19157 157 1.39396 2 2 -1.16997886957 -1.169954 6.18495447902e-10 2.48695687116e-05
  19158 158 1.46154 2 2 -1.16870747153 -1.168572 1.8352534813e-08 0.000135471527684
  19159 159 1.49866 2 2 -1.16725910832 -1.167514 6.49697681365e-08 0.000254891679222
  19160 160 1.49038 2 2 -1.16768191663 -1.167641 1.67417101354e-09 4.09166349245e-05
  19161 161 1.43774 2 2 -1.16936559097 -1.169454 7.81615719138e-09 8.84090334263e-05
  19162 162 1.36052 2 2 -1.17001361146 -1.169933 6.49820728319e-09 8.06114587586e-05
  19163 163 1.29032 2 2 -1.16864275259 -1.168762 1.4219945724e-08 0.000119247413909
  19164 164 1.26356 2 2 -1.1676757701 -1.167334 1.1680680462e-07 0.000341770104924
  19165 165 1.2941 2 2 -1.16870707367 -1.168631 5.78720340235e-09 7.60736708878e-05
  19166 166 1.36176 2 2 -1.1699272809 -1.170166 5.69868080558e-08 0.000238719098641
  19167 167 1.43504 2 2 -1.16941191682 -1.169136 7.61300904003e-08 0.0002759168179
  19168 168 1.48702 2 2 -1.16772947248 -1.167961 5.3604993072e-08 0.000231527521198
  19169 169 1.49772 2 2 -1.16733028348 -1.167306 5.89687174977e-10 2.4283475348e-05
  19170 170 1.46302 2 2 -1.16865037876 -1.168697 2.17354026329e-09 4.66212426184e-05
  19171 171 1.39444 2 2 -1.16997078786 -1.16996 1.16377992472e-10 1.07878632023e-05
  19172 172 1.31746 2 2 -1.16935899969 -1.169385 6.76016122705e-10 2.60003100502e-05
  19173 173 1.26878 2 2 -1.16784503175 -1.167797 2.30704883039e-09 4.80317481505e-05
  19174 174 1.27522 2 2 -1.16808476907 -1.167717 1.35254086226e-07 0.000367769066434
  19175 175 1.33054 2 2 -1.16952123426 -1.169858 1.134111619e-07 0.000336765737419
  19176 176 1.40536 2 2 -1.16986332344 -1.16968 3.36074831564e-08 0.000183323438644
  19177 177 1.46864 2 2 -1.16841627552 -1.168454 1.42313661039e-09 3.77244829042e-05
  19178 178 1.49774 2 2 -1.16728313587 -1.167407 1.53423239038e-08 0.000123864134857
  19179 179 1.48238 2 2 -1.16795584742 -1.167909 2.19468068103e-09 4.68474191502e-05
  19180 180 1.4253 2 2 -1.16956483967 -1.16967 1.10586958206e-08 0.000105160333875
  19181 181 1.3483 2 2 -1.16986302042 -1.169751 1.25485751345e-08 0.000112020422845
  19182 182 1.28448 2 2 -1.16839326972 -1.16855 2.45643821675e-08 0.000156730284781
  19183 183 1.26614 2 2 -1.1677379964 -1.167304 1.88352871162e-07 0.000433996395332
  19184 184 1.30336 2 2 -1.16890878828 -1.169032 1.51811289896e-08 0.000123211724238
  19185 185 1.37318 2 2 -1.1699498608 -1.170067 1.37215910815e-08 0.000117139195326
  19186 186 1.44402 2 2 -1.16915555522 -1.168924 5.36178209073e-08 0.000231555222155
  19187 187 1.49002 2 2 -1.16756773165 -1.167844 7.63241997136e-08 0.000276268347289
  19188 188 1.49372 2 2 -1.16747888939 -1.16737 1.18568997177e-08 0.000108889392127
  19189 189 1.45276 2 2 -1.16890918317 -1.169052 2.03966461935e-08 0.000142816827417
  19190 190 1.3811 2 2 -1.16999864609 -1.16988 1.40768944008e-08 0.000118646088856
  19191 191 1.30786 2 2 -1.16907800774 -1.169212 1.7953926766e-08 0.000133992263829
  19192 192 1.26762 2 2 -1.16777399298 -1.167588 3.45933887591e-08 0.000185992980403
  19193 193 1.2822 2 2 -1.16828190997 -1.168014 7.17757533285e-08 0.000267909972432
  19194 194 1.34182 2 2 -1.16965975358 -1.170053 1.54642746198e-07 0.00039324641918
  19195 195 1.41566 2 2 -1.1697167723 -1.169383 1.11403950069e-07 0.000333772302729
  19196 196 1.47446 2 2 -1.16815612139 -1.168376 4.83466047139e-08 0.000219878613589
  19197 197 1.49692 2 2 -1.16730792035 -1.167301 4.78912373686e-11 6.92034951202e-06
  19198 198 1.47392 2 2 -1.16822817505 -1.168224 1.74310216414e-11 4.17504750169e-06
  19199 199 1.4132 2 2 -1.16971978269 -1.169815 9.06633669196e-09 9.52173129843e-05
  19200 200 1.3369 2 2 -1.16968039354 -1.169547 1.77938370877e-08 0.000133393542151
  19201 201 1.27912 2 2 -1.16816211861 -1.16836 3.91570428326e-08 0.000197881385766
  19202 202 1.26962 2 2 -1.16784822849 -1.167331 2.67525313856e-07 0.000517228492889
  19203 203 1.31338 2 2 -1.16911339679 -1.169427 9.83469741681e-08 0.000313603211348
  19204 204 1.38478 2 2 -1.16993794078 -1.169896 1.75902929889e-09 4.19407832413e-05
  19205 205 1.45244 2 2 -1.1688900992 -1.168737 2.34393660071e-08 0.000153099203156
  19206 206 1.4923 2 2 -1.16744700152 -1.167738 8.46801139425e-08 0.000290998477561
  19207 207 1.48838 2 2 -1.16768322142 -1.167484 3.96891747934e-08 0.000199221421522
  19208 208 1.44172 2 2 -1.16915246032 -1.169383 5.31485460335e-08 0.000230539684292
  19209 209 1.36852 2 2 -1.169965668 -1.169763 4.10743200713e-08 0.000202668004558
  19210 210 1.29914 2 2 -1.16879698393 -1.169015 4.75310061102e-08 0.000218016068468
  19211 211 1.26746 2 2 -1.16774598229 -1.167442 9.24052304923e-08 0.000303982286478
  19212 212 1.29028 2 2 -1.16850423597 -1.168359 2.10934870471e-08 0.000145235970225
  19213 213 1.3531 2 2 -1.16976421029 -1.170143 1.43481641994e-07 0.000378789706821
  19214 214 1.42578 2 2 -1.16952975215 -1.169125 1.63824306649e-07 0.000404752154594
  19215 215 1.47982 2 2 -1.16791622759 -1.168264 1.20945649786e-07 0.000347772410905
  19216 216 1.49478 2 2 -1.16739212258 -1.16726 1.74563750165e-08 0.000132122575726
  19217 217 1.46512 2 2 -1.16848834159 -1.168565 5.87651165139e-09 7.66584088759e-05
  19218 218 1.40042 2 2 -1.16983903094 -1.169864 6.23454014069e-10 2.49690611371e-05
  19219 219 1.32606 2 2 -1.16945799483 -1.16938 6.08319318719e-09 7.79948279516e-05
  19220 220 1.27538 2 2 -1.16799880111 -1.168122 1.51779663797e-08 0.000123198889523
  19221 221 1.27424 2 2 -1.16798590858 -1.167484 2.51912225139e-07 0.000501908582452
  19222 222 1.32326 2 2 -1.16929040928 -1.16975 2.11223632282e-07 0.000459590722581
  19223 223 1.3961 2 2 -1.16987956013 -1.169671 4.34973297283e-08 0.000208560134562
  19224 224 1.46112 2 2 -1.16858993798 -1.168608 3.26236703542e-10 1.80620237942e-05
  19225 225 1.49368 2 2 -1.1673858772 -1.167595 4.37323452554e-08 0.000209122799463
  19226 226 1.48222 2 2 -1.16790769232 -1.167701 4.27217141337e-08 0.000206692317549
  19227 227 1.42988 2 2 -1.16938545222 -1.169622 5.59548514759e-08 0.000236547778421
  19228 228 1.35648 2 2 -1.16987713027 -1.169641 5.575750259e-08 0.000236130266146
  19229 229 1.29218 2 2 -1.16855534694 -1.168811 6.53584882737e-08 0.00025565306232
  19230 230 1.26852 2 2 -1.16776746092 -1.167337 1.85296602739e-07 0.000430460918945
  19231 231 1.29794 2 2 -1.16868788192 -1.168755 4.50483696162e-09 6.71180822254e-05
  19232 232 1.3637 2 2 -1.16983815786 -1.170107 7.22760965282e-08 0.000268842140536
  19233 233 1.43576 2 2 -1.16930424952 -1.168949 1.26202218797e-07 0.000355249516252
  19234 234 1.48556 2 2 -1.1676767084 -1.168099 1.78330196597e-07 0.000422291601381
  19235 235 1.49302 2 2 -1.16747139407 -1.167286 3.4370962197e-08 0.000185394072713
  19236 236 1.45586 2 2 -1.16876409653 -1.168899 1.81989470526e-08 0.000134903473093
  19237 237 1.38764 2 2 -1.16992293108 -1.169831 8.45132398189e-09 9.19310827843e-05
  19238 238 1.31598 2 2 -1.16922307834 -1.169278 3.01638882517e-09 5.49216608013e-05
  19239 239 1.27284 2 2 -1.16790993876 -1.167842 4.61567568271e-09 6.79387642124e-05
  19240 240 1.28018 2 2 -1.16816763446 -1.167745 1.7861988544e-07 0.000422634458415
  19241 241 1.33302 2 2 -1.16944910847 -1.169968 2.6924842338e-07 0.000518891533348
  19242 242 1.40532 2 2 -1.16979477039 -1.169435 1.29434736545e-07 0.000359770394203
  19243 243 1.4675 2 2 -1.16834205714 -1.168545 4.11858034949e-08 0.000202942857708
  19244 244 1.4954 2 2 -1.16731484307 -1.167412 9.43946808948e-09 9.71569250722e-05
  19245 245 1.47714 2 2 -1.16807657087 -1.168013 4.04125591887e-09 6.35708731958e-05
  19246 246 1.41912 2 2 -1.16958537728 -1.169729 2.06274860445e-08 0.000143622721199
  19247 247 1.34474 2 2 -1.16974941982 -1.169538 4.46983410121e-08 0.00021141982171
  19248 248 1.28592 2 2 -1.16834492901 -1.168628 8.01291844227e-08 0.00028307098831
  19249 249 1.27098 2 2 -1.16786696104 -1.167272 3.53978642819e-07 0.00059496104311
  19250 250 1.30694 2 2 -1.16889850878 -1.169175 7.64473934462e-08 0.000276491217666
  19251 251 1.374 2 2 -1.16988276766 -1.169925 1.78357035181e-09 4.22323377498e-05
  19252 252 1.44312 2 2 -1.16909095105 -1.168861 5.28774835506e-08 0.000229951045987
  19253 253 1.48784 2 2 -1.16757161281 -1.167933 1.30600699341e-07 0.000361387187571
  19254 254 1.48946 2 2 -1.1675940877 -1.167367 5.15688254497e-08 0.000227087704312
  19255 255 1.44734 2 2 -1.1689609469 -1.169226 7.02531480193e-08 0.00026505310415
  19256 256 1.37694 2 2 -1.16993705456 -1.169698 5.71470841006e-08 0.00023905456302
  19257 257 1.30734 2 2 -1.16897049929 -1.169204 5.45225819923e-08 0.000233500710903
  19258 258 1.27096 2 2 -1.16783838543 -1.167594 5.97242368583e-08 0.000244385426853
  19259 259 1.28664 2 2 -1.16835102203 -1.168087 6.97076347892e-08 0.000264022034666
  19260 260 1.34394 2 2 -1.16960387611 -1.170065 2.12635245242e-07 0.000461123893592
  19261 261 1.41504 2 2 -1.16965937615 -1.169201 2.10108693709e-07 0.000458376148713
  19262 262 1.47228 2 2 -1.16813682342 -1.168489 1.24028342346e-07 0.000352176578361
  19263 263 1.49368 2 2 -1.16738538896 -1.167277 1.17481663685e-08 0.000108388958702
  19264 264 1.46952 2 2 -1.16829289997 -1.168378 7.24201503427e-09 8.51000295785e-05
  19265 265 1.40798 2 2 -1.16971704083 -1.169754 1.3659804342e-09 3.69591725314e-05
  19266 266 1.33456 2 2 -1.16956264773 -1.169432 1.70688303369e-08 0.000130647733761
  19267 267 1.28142 2 2 -1.16816393104 -1.168411 6.10430692475e-08 0.000247068956462
  19268 268 1.2745 2 2 -1.16796995224 -1.167322 4.19842109106e-07 0.000647952242921
  19269 269 1.31626 2 2 -1.16907900202 -1.169552 2.23727093204e-07 0.000472997984355
  19270 270 1.38436 2 2 -1.1698773365 -1.169691 3.4721289696e-08 0.000186336495878
  19271 271 1.45064 2 2 -1.16884223034 -1.168789 2.83346859489e-09 5.32303352882e-05
  19272 272 1.48952 2 2 -1.16749133576 -1.167758 7.11098160336e-08 0.000266664238385
  19273 273 1.4845 2 2 -1.16776145064 -1.167546 4.64189766234e-08 0.000215450636164
  19274 274 1.43672 2 2 -1.16918455867 -1.169478 8.61078112242e-08 0.000293441325011
  19275 275 1.3654 2 2 -1.16988650362 -1.169571 9.954253634e-08 0.000315503623339
  19276 276 1.29998 2 2 -1.16872608756 -1.169073 1.20348241628e-07 0.000346912440867
  19277 277 1.27122 2 2 -1.16783334035 -1.167411 1.78371371002e-07 0.00042234034972
  19278 278 1.29412 2 2 -1.1685329621 -1.168477 3.13175653735e-09 5.59620991149e-05
  19279 279 1.35432 2 2 -1.16970443002 -1.170044 1.15307769508e-07 0.000339569977337
  19280 280 1.42422 2 2 -1.16947722682 -1.169037 1.93799656361e-07 0.000440226823764
  19281 281 1.47668 2 2 -1.16794484884 -1.168359 1.71521181896e-07 0.000414151158269
  19282 282 1.49124 2 2 -1.16747146299 -1.167245 5.1285484417e-08 0.000226462986859
  19283 283 1.46096 2 2 -1.16852480312 -1.168735 4.41827285778e-08 0.000210196880514
  19284 284 1.3966 2 2 -1.169806322 -1.169704 1.04697913516e-08 0.000102321998376
  19285 285 1.32492 2 2 -1.16934180361 -1.169367 6.34858127611e-10 2.51963911624e-05
  19286 286 1.27782 2 2 -1.16802119711 -1.168117 9.17819450611e-09 9.58028940383e-05
  19287 287 1.27906 2 2 -1.16809036677 -1.167543 2.99610384507e-07 0.000547366773295
  19288 288 1.32656 2 2 -1.16926775718 -1.1698 2.8328242079e-07 0.000532242821266
  19289 289 1.39494 2 2 -1.16981859414 -1.169457 1.30750323517e-07 0.000361594141983
  19290 290 1.45702 2 2 -1.16860763499 -1.168743 1.83236856693e-08 0.000135365009028
  19291 291 1.48998 2 2 -1.16746531449 -1.167544 6.19140871571e-09 7.86855051182e-05
  19292 292 1.47838 2 2 -1.1679444403 -1.167864 6.47064205865e-09 8.04403012093e-05
  19293 293 1.42558 2 2 -1.16938724413 -1.169599 4.48405479006e-08 0.000211755868633
  19294 294 1.35396 2 2 -1.16977169072 -1.169475 8.80253809677e-08 0.000296690716012
  19295 295 1.29332 2 2 -1.16849131793 -1.168904 1.70306490157e-07 0.000412682069101
  19296 296 1.2728 2 2 -1.16787584114 -1.167281 3.53835977454e-07 0.000594841136316
  19297 297 1.30294 2 2 -1.16872885361 -1.168938 4.37422116944e-08 0.000209146388194
  19298 298 1.3653 2 2 -1.16977924559 -1.169875 9.16890703977e-09 9.57544100278e-05
  19299 299 1.43252 2 2 -1.16926330187 -1.168955 9.50500399998e-08 0.00030830186506
  19300 300 1.47968 2 2 -1.16780863813 -1.168173 1.32759572944e-07 0.00036436187087
  19301 301 1.4875 2 2 -1.16759054831 -1.167305 8.15378386291e-08 0.000285548312251
  19302 302 1.4515 2 2 -1.16875086503 -1.169094 1.17741608236e-07 0.000343134970873
  19303 303 1.3848 2 2 -1.1698470801 -1.169572 7.56690630903e-08 0.000275080103043
  19304 304 1.31556 2 2 -1.16908292872 -1.16933 6.10442182571e-08 0.000247071281733
  19305 305 1.2756 2 2 -1.16793244161 -1.167796 1.86163126239e-08 0.000136441608844
  19306 306 1.2852 2 2 -1.16824386044 -1.167893 1.23103046143e-07 0.000350860436845
  19307 307 1.33782 2 2 -1.1694414147 -1.169931 2.39693770005e-07 0.000489585304115
  19308 308 1.40568 2 2 -1.16970150576 -1.169214 2.37661868166e-07 0.000487505762188
  19309 309 1.46272 2 2 -1.16837665244 -1.168711 1.11788293698e-07 0.000334347564217
  19310 310 1.48814 2 2 -1.16753433533 -1.167339 3.81558910847e-08 0.000195335329843
  19311 311 1.47 2 2 -1.1681705623 -1.168278 1.15428586491e-08 0.000107437696593
  19312 312 1.4142 2 2 -1.16953864638 -1.16962 6.61841220536e-09 8.13536244144e-05
  19313 313 1.3435 2 2 -1.16960014727 -1.169383 4.71529384357e-08 0.000217147273609
  19314 314 1.28746 2 2 -1.16826126927 -1.168691 1.84668497247e-07 0.00042973072644
  19315 315 1.27516 2 2 -1.16792944075 -1.16725 4.61639736928e-07 0.000679440753066
  19316 316 1.31248 2 2 -1.16891736619 -1.169403 2.35840196248e-07 0.000485633808798
  19317 317 1.37732 2 2 -1.16981639736 -1.169621 3.81801292252e-08 0.00019539736238
  19318 318 1.44226 2 2 -1.16898471174 -1.168894 8.2286201698e-09 9.07117421826e-05
  19319 319 1.48228 2 2 -1.16770106911 -1.167965 6.96595142286e-08 0.000263930889114
  19320 320 1.4816 2 2 -1.16779270617 -1.167445 1.20899579161e-07 0.000347706167849
  19321 321 1.43956 2 2 -1.1690052973 -1.169422 1.73641143649e-07 0.000416702704154
  19322 322 1.37228 2 2 -1.16982335349 -1.169422 1.61084622981e-07 0.000401353488811
  19323 323 1.30756 2 2 -1.1688269734 -1.169241 1.7141802359e-07 0.000414026597684
  19324 324 1.275 2 2 -1.16789016444 -1.167529 1.30439751724e-07 0.00036116443862
  19325 325 1.29198 2 2 -1.16839188875 -1.168293 9.77898552537e-09 9.88887532805e-05
  19326 326 1.34804 2 2 -1.16955883187 -1.169992 1.87634624892e-07 0.000433168125434
  19327 327 1.4168 2 2 -1.16953458905 -1.169006 2.79406387572e-07 0.000528589053587
  19328 328 1.47 2 2 -1.1680992547 -1.168606 2.56790801886e-07 0.000506745302776
  19329 329 1.48728 2 2 -1.16757522266 -1.16723 1.19178687733e-07 0.000345222663991
  19330 330 1.46128 2 2 -1.16842488604 -1.168657 5.38768918111e-08 0.000232113962982
  19331 331 1.40114 2 2 -1.16968538946 -1.169616 4.81489784941e-09 6.93894649743e-05
  19332 332 1.33208 2 2 -1.16939499865 -1.169318 5.92879179022e-09 7.69986479766e-05
  19333 333 1.28344 2 2 -1.16812110235 -1.1684 7.77838982718e-08 0.00027889764838
  19334 334 1.2795 2 2 -1.16804996329 -1.167379 4.50191742527e-07 0.000670963294471
  19335 335 1.32168 2 2 -1.16908452897 -1.169728 4.14054966375e-07 0.000643471029942
  19336 336 1.38796 2 2 -1.1697958548 -1.169406 1.51986763168e-07 0.000389854797544
  19337 337 1.45064 2 2 -1.16872230667 -1.168852 1.68203606966e-08 0.000129693333277
  19338 338 1.48492 2 2 -1.16760409559 -1.167718 1.29742148893e-08 0.000113904411193
  19339 339 1.47696 2 2 -1.16793814267 -1.167712 5.11405067868e-08 0.000226142669098
  19340 340 1.4291 2 2 -1.1692267018 -1.16959 1.31985581499e-07 0.000363298199141
  19341 341 1.36002 2 2 -1.16975959675 -1.169337 1.78588012557e-07 0.000422596749345
  19342 342 1.29938 2 2 -1.16858449412 -1.169104 2.69886363774e-07 0.000519505884254
  19343 343 1.27548 2 2 -1.16791600137 -1.167332 3.41057595928e-07 0.000584001366375
  19344 344 1.29986 2 2 -1.16858238202 -1.16874 2.48434280687e-08 0.000157617981426
  19345 345 1.35904 2 2 -1.16967168813 -1.169898 5.12170634438e-08 0.000226311872079
  19346 346 1.4264 2 2 -1.16934157081 -1.168906 1.89721926354e-07 0.000435570805213
  19347 347 1.47464 2 2 -1.16792359523 -1.16842 2.46417692579e-07 0.000496404766878
  19348 348 1.4853 2 2 -1.16764051334 -1.167238 1.62016986815e-07 0.000402513337437
  19349 349 1.45266 2 2 -1.16865074615 -1.169006 1.26205297638e-07 0.000355253849576
  19350 350 1.38924 2 2 -1.16976607433 -1.169531 5.52599428245e-08 0.000235074334679
  19351 351 1.3221 2 2 -1.16916973055 -1.169305 1.82978234508e-08 0.000135269447588
  19352 352 1.2803 2 2 -1.16802300213 -1.168047 5.75897659219e-10 2.39978678057e-05
  19353 353 1.28442 2 2 -1.16817406627 -1.167682 2.42129209196e-07 0.000492066265045
  19354 354 1.33156 2 2 -1.16926454959 -1.169897 3.99993515292e-07 0.000632450405401
  19355 355 1.39836 2 2 -1.16972610437 -1.169207 2.69469345656e-07 0.000519104368751
  19356 356 1.45806 2 2 -1.16846984 -1.168819 1.21912702947e-07 0.0003491599962
  19357 357 1.48634 2 2 -1.16756093415 -1.167463 9.59109737714e-09 9.79341481667e-05
  19358 358 1.47074 2 2 -1.1681223351 -1.168098 5.92196920749e-10 2.43350964812e-05
  19359 359 1.41754 2 2 -1.16943555534 -1.169616 3.25602768781e-08 0.00018044466431
  19360 360 1.34892 2 2 -1.16963185837 -1.169311 1.02950094123e-07 0.000320858370817
  19361 361 1.29338 2 2 -1.16839569269 -1.168895 2.49307791453e-07 0.000499307311636
  19362 362 1.27702 2 2 -1.16796008317 -1.167233 5.28649939374e-07 0.000727083172253
  19363 363 1.30778 2 2 -1.16874926091 -1.169205 2.07698115075e-07 0.000455739086622
  19364 364 1.36946 2 2 -1.16974670629 -1.169677 4.85896641602e-09 6.97062867754e-05
  19365 365 1.43564 2 2 -1.16910884747 -1.168909 3.99390094196e-08 0.000199847465382
  19366 366 1.47902 2 2 -1.16777171093 -1.168158 1.4921924593e-07 0.000386289070425
  19367 367 1.48216 2 2 -1.16774696045 -1.16735 1.57577602149e-07 0.000396960454138
  19368 368 1.44328 2 2 -1.16888058635 -1.169313 1.86981560916e-07 0.000432413645617
  19369 369 1.3779 2 2 -1.16979557527 -1.169397 1.5886224314e-07 0.000398575266593
  19370 370 1.31308 2 2 -1.16893250225 -1.169311 1.43260546667e-07 0.000378497749884
  19371 371 1.2784 2 2 -1.16797665273 -1.167694 7.98925646864e-08 0.000282652728072
  19372 372 1.2902 2 2 -1.16831394298 -1.168071 5.90212930009e-08 0.000242942983025
  19373 373 1.34124 2 2 -1.1694198595 -1.16996 2.91751755071e-07 0.000540140495678
  19374 374 1.40858 2 2 -1.16961242053 -1.169034 3.34570305585e-07 0.000578420526594
  19375 375 1.46474 2 2 -1.16823246168 -1.168758 2.76190528764e-07 0.000525538322831
  19376 376 1.48642 2 2 -1.1675722988 -1.167268 9.25977612321e-08 0.000304298802548
  19377 377 1.46398 2 2 -1.16831169995 -1.168501 3.58345087535e-08 0.000189300049534
  19378 378 1.40618 2 2 -1.16959772455 -1.169569 8.25099999397e-10 2.8724553946e-05
  19379 379 1.33836 2 2 -1.16946474152 -1.169314 2.27230071059e-08 0.000150741524159
  19380 380 1.28838 2 2 -1.16824211367 -1.168618 1.41290530348e-07 0.000375886326365
  19381 381 1.28012 2 2 -1.16804987164 -1.167278 5.95785834526e-07 0.000771871643815
  19382 382 1.31618 2 2 -1.16891797117 -1.16958 4.38282170419e-07 0.000662028828994
  19383 383 1.37928 2 2 -1.16977342925 -1.169433 1.15892073492e-07 0.000340429248878
  19384 384 1.44356 2 2 -1.16887498975 -1.168937 3.84527110958e-09 6.20102500365e-05
  19385 385 1.48204 2 2 -1.16767008223 -1.167872 4.07707840187e-08 0.000201917765486
  19386 386 1.47876 2 2 -1.16784539219 -1.167577 7.20343693141e-08 0.000268392193094
  19387 387 1.43396 2 2 -1.169092815 -1.169511 1.74878694293e-07 0.000418185000082
  19388 388 1.36632 2 2 -1.1697700534 -1.169284 2.36247909186e-07 0.000486053401578
  19389 389 1.30512 2 2 -1.16870612376 -1.16927 3.17956416764e-07 0.000563876242419
  19390 390 1.27788 2 2 -1.16797837565 -1.167414 3.18519870863e-07 0.000564375646944
  19391 391 1.2975 2 2 -1.16849116822 -1.168515 5.67953932768e-10 2.3831784087e-05
  19392 392 1.35166 2 2 -1.1695562032 -1.169881 1.05492960348e-07 0.000324796798549
  19393 393 1.41692 2 2 -1.1694665673 -1.168948 2.68912042041e-07 0.000518567297504
  19394 394 1.46858 2 2 -1.16808391594 -1.168613 2.7992994316e-07 0.00052908406058
  19395 395 1.48484 2 2 -1.1676153503 -1.167209 1.65120568168e-07 0.000406350302286
  19396 396 1.4569 2 2 -1.16848439266 -1.168879 1.55714952905e-07 0.000394607340156
  19397 397 1.39604 2 2 -1.16969253368 -1.169456 5.59481803649e-08 0.000236533677021
  19398 398 1.32844 2 2 -1.16925696894 -1.169348 8.28665330589e-09 9.10310568207e-05
  19399 399 1.28394 2 2 -1.1681054898 -1.168272 2.77256478196e-08 0.00016651020335
  19400 400 1.2843 2 2 -1.16815910274 -1.167516 4.13581128918e-07 0.000643102735897
  19401 401 1.32684 2 2 -1.16913217389 -1.169798 4.43324410519e-07 0.000665826111322
  19402 402 1.39006 2 2 -1.16973835729 -1.169204 2.85537717023e-07 0.000534357293413
  19403 403 1.44958 2 2 -1.1686668624 -1.168953 8.18747245162e-08 0.000286137597173
  19404 404 1.48166 2 2 -1.16768680802 -1.167591 9.17917732043e-09 9.58080232571e-05
  19405 405 1.47224 2 2 -1.16801119812 -1.167952 3.5044173418e-09 5.9198119411e-05
  19406 406 1.42338 2 2 -1.1692746302 -1.169551 7.63802654941e-08 0.000276369798448
  19407 407 1.35596 2 2 -1.1696530855 -1.16924 1.7063963391e-07 0.000413085504358
  19408 408 1.29892 2 2 -1.1684960458 -1.169106 3.72044127366e-07 0.00060995420104
  19409 409 1.2785 2 2 -1.16797565249 -1.167257 5.16461400146e-07 0.000718652489139
  19410 410 1.30526 2 2 -1.16864608046 -1.169005 1.28823237766e-07 0.00035891954219
  19411 411 1.36282 2 2 -1.16965833804 -1.16966 2.76212290907e-12 1.66196357032e-06
  19412 412 1.42684 2 2 -1.16924170435 -1.168947 8.68506551433e-08 0.000294704352094
  19413 413 1.47242 2 2 -1.16794583016 -1.168364 1.7486601817e-07 0.000418169843688
  19414 414 1.48068 2 2 -1.16774522641 -1.167293 2.04508725644e-07 0.000452226409715
  19415 415 1.44664 2 2 -1.16872370761 -1.169217 2.43337380042e-07 0.000493292387983
  19416 416 1.38392 2 2 -1.16972996217 -1.169314 1.73024527251e-07 0.000415962170457
  19417 417 1.31986 2 2 -1.16902372085 -1.169367 1.17840577553e-07 0.000343279153975
  19418 418 1.28196 2 2 -1.16803444977 -1.167892 2.02919382703e-08 0.000142449774553
  19419 419 1.28954 2 2 -1.1682567087 -1.167897 1.29390348288e-07 0.000359708699211
  19420 420 1.3367 2 2 -1.16929063322 -1.169881 3.48532937236e-07 0.000590366781955
  19421 421 1.40088 2 2 -1.16963859016 -1.169037 3.61910724515e-07 0.000601590163247
  19422 422 1.45666 2 2 -1.16842440398 -1.168902 2.2809795622e-07 0.000477596017801
  19423 423 1.4817 2 2 -1.16768927037 -1.167357 1.10403598639e-07 0.000332270369787
  19424 424 1.465 2 2 -1.16820194251 -1.168391 3.57427355977e-08 0.000189057492837
  19425 425 1.41154 2 2 -1.16945807575 -1.16949 1.01915803383e-09 3.19242546324e-05
  19426 426 1.34488 2 2 -1.16948916908 -1.169264 5.07011131183e-08 0.000225169076736
  19427 427 1.29298 2 2 -1.16830971157 -1.168835 2.75927932675e-07 0.00052528842808
  19428 428 1.2811 2 2 -1.16804172768 -1.167238 6.45978184306e-07 0.00080372768044
  19429 429 1.31438 2 2 -1.16882537967 -1.169453 3.93907284503e-07 0.000627620334679
  19430 430 1.37392 2 2 -1.16971241277 -1.169383 1.08512774307e-07 0.000329412771925
  19431 431 1.4355 2 2 -1.16900413811 -1.168997 5.09526097103e-11 7.13810967345e-06
  19432 432 1.47516 2 2 -1.16785444916 -1.168056 4.06227420206e-08 0.000201550842272
  19433 433 1.47656 2 2 -1.16785311395 -1.167497 1.26817143657e-07 0.000356113947575
  19434 434 1.43618 2 2 -1.16894938797 -1.169472 2.73123338371e-07 0.000522612034277
  19435 435 1.37184 2 2 -1.16971681202 -1.169166 3.03393882602e-07 0.000550812021113
  19436 436 1.31146 2 2 -1.16878241531 -1.169366 3.40571090044e-07 0.000583584689693
  19437 437 1.28096 2 2 -1.16800907639 -1.167544 2.16296050321e-07 0.000465076391919
  19438 438 1.2961 2 2 -1.16839274919 -1.168365 7.7001756952e-10 2.774919043e-05
  19439 439 1.3476 2 2 -1.16944519914 -1.169842 1.57450925391e-07 0.000396800863647
  19440 440 1.41124 2 2 -1.1694925736 -1.168907 3.4289643686e-07 0.000585573596451
  19441 441 1.4626 2 2 -1.16821160799 -1.168801 3.47382940913e-07 0.000589392009542
  19442 442 1.48048 2 2 -1.16773245803 -1.167213 2.69836639946e-07 0.000519458025201
  19443 443 1.45644 2 2 -1.16841675852 -1.168824 1.65845620239e-07 0.00040724147657
  19444 444 1.39932 2 2 -1.16958964266 -1.169388 4.06597610632e-08 0.000201642656854
  19445 445 1.33438 2 2 -1.1692886451 -1.169286 6.99657047011e-12 2.64510311143e-06
  19446 446 1.28896 2 2 -1.16818211859 -1.168507 1.05547929884e-07 0.000324881408954
  19447 447 1.2846 2 2 -1.16811600583 -1.167384 5.35832533503e-07 0.000732005828872
  19448 448 1.3235 2 2 -1.16899217753 -1.16977 6.05007801244e-07 0.000777822474118
  19449 449 1.38536 2 2 -1.16970884151 -1.169138 3.25860030901e-07 0.000570841511193
  19450 450 1.44424 2 2 -1.16874802675 -1.169017 7.23466113061e-08 0.000268973253886
  19451 451 1.47718 2 2 -1.16779545697 -1.167754 1.71868059366e-09 4.14569727991e-05
  19452 452 1.47072 2 2 -1.16801673606 -1.167819 3.90995501885e-08 0.000197736061932
  19453 453 1.42502 2 2 -1.16916428065 -1.169584 1.76164329479e-07 0.000419719346086
  19454 454 1.3604 2 2 -1.16963818073 -1.169104 2.8534904945e-07 0.000534180727329
  19455 455 1.30408 2 2 -1.16856486046 -1.169247 4.65314348784e-07 0.00068213953762
  19456 456 1.2808 2 2 -1.16800053334 -1.167314 4.71328026645e-07 0.000686533339791
  19457 457 1.30348 2 2 -1.16854740768 -1.168856 9.52292174786e-08 0.000308592315975
  19458 458 1.35864 2 2 -1.1695697281 -1.169686 1.35191547991e-08 0.000116271900299
  19459 459 1.4219 2 2 -1.16929339246 -1.168874 1.7589003225e-07 0.00041939245612
  19460 460 1.4683 2 2 -1.1680225707 -1.168581 3.11843288212e-07 0.000558429304579
  19461 461 1.47818 2 2 -1.16780913009 -1.167224 3.42377224565e-07 0.000585130092001
  19462 462 1.4465 2 2 -1.16866367844 -1.169183 2.69694885485e-07 0.0005193215627
  19463 463 1.387 2 2 -1.16966341058 -1.169271 1.53986064911e-07 0.000392410582058
  19464 464 1.32526 2 2 -1.16908200281 -1.169318 5.56946756975e-08 0.000235997194258
  19465 465 1.28582 2 2 -1.16809033829 -1.168121 9.40140571549e-10 3.0661711817e-05
  19466 466 1.28884 2 2 -1.16819873131 -1.167709 2.39836754255e-07 0.000489731308224
  19467 467 1.33252 2 2 -1.16915721304 -1.169907 5.62180478432e-07 0.000749786955362
  19468 468 1.39632 2 2 -1.16964685171 -1.168985 4.38047692294e-07 0.000661851714732
  19469 469 1.45348 2 2 -1.16847341793 -1.168969 2.45601591804e-07 0.000495582073732
  19470 470 1.47954 2 2 -1.16773374054 -1.167483 6.2870820711e-08 0.000250740544609
  19471 471 1.46432 2 2 -1.16820585436 -1.168226 4.05846956338e-10 2.01456436069e-05
  19472 472 1.41328 2 2 -1.16937551158 -1.16955 3.04462086462e-08 0.000174488419805
  19473 473 1.3488 2 2 -1.16950880422 -1.169158 1.230636009e-07 0.000350804220185
  19474 474 1.29798 2 2 -1.16840580058 -1.168993 3.4480315793e-07 0.000587199419218
  19475 475 1.28246 2 2 -1.16804953822 -1.167231 6.70004825355e-07 0.000818538224737
  19476 476 1.3109 2 2 -1.16869785133 -1.16931 3.74725997797e-07 0.000612148672952
  19477 477 1.3687 2 2 -1.16965299234 -1.169443 4.40967810708e-08 0.000209992335743
  19478 478 1.43126 2 2 -1.16907402542 -1.168954 1.44061011822e-08 0.0001200254189
  19479 479 1.47312 2 2 -1.1678814454 -1.168243 1.30721725979e-07 0.000361554596124
  19480 480 1.47656 2 2 -1.16784641131 -1.16739 2.08311288433e-07 0.00045641131497
  19481 481 1.43828 2 2 -1.16887118815 -1.16943 3.12270682288e-07 0.000558811848736
  19482 482 1.37532 2 2 -1.16969902701 -1.169149 3.02529711864e-07 0.000550027010122
  19483 483 1.31518 2 2 -1.16884835528 -1.169376 2.78408953063e-07 0.000527644722387
  19484 484 1.28378 2 2 -1.16807221732 -1.167706 1.34115123163e-07 0.000366217316853
  19485 485 1.2954 2 2 -1.16835982483 -1.168168 3.67967663038e-08 0.000191824832344
  19486 486 1.34242 2 2 -1.16933087208 -1.169867 2.87433151241e-07 0.000536127924325
  19487 487 1.40552 2 2 -1.16954072733 -1.168901 4.09251058773e-07 0.000639727331582
  19488 488 1.45922 2 2 -1.16828517562 -1.168894 3.70667128233e-07 0.000608824382095
  19489 489 1.47946 2 2 -1.16774484012 -1.167264 2.31207219236e-07 0.000480840118164
  19490 490 1.45826 2 2 -1.16834581694 -1.168686 1.15724516753e-07 0.00034018306359
  19491 491 1.40304 2 2 -1.16952316381 -1.1694 1.51693250376e-08 0.000123163813832
  19492 492 1.33858 2 2 -1.1693381513 -1.169248 8.12725635091e-09 9.01512970007e-05
  19493 493 1.29254 2 2 -1.16826137021 -1.168678 1.73580381916e-07 0.000416629790001
  19494 494 1.285 2 2 -1.16811670631 -1.167306 6.57244715086e-07 0.000810706306307
  19495 495 1.31978 2 2 -1.16888288534 -1.16967 6.19549492609e-07 0.000787114662936
  19496 496 1.37932 2 2 -1.16969001732 -1.169165 2.75643187509e-07 0.000525017321151
  19497 497 1.43936 2 2 -1.16884595544 -1.169045 3.96187368729e-08 0.000199044560018
  19498 498 1.47536 2 2 -1.16782610194 -1.167897 5.02653441263e-09 7.08980564799e-05
  19499 499 1.47172 2 2 -1.16797353726 -1.167689 8.09614548019e-08 0.000284537264347
  19500 500 1.42836 2 2 -1.16907322542 -1.169561 2.37924045336e-07 0.000487774584553
  19501 501 1.36464 2 2 -1.16964838528 -1.169061 3.45021463758e-07 0.000587385277103
  19502 502 1.30814 2 2 -1.16864593375 -1.169346 4.90092748189e-07 0.000700066245572
  19503 503 1.28306 2 2 -1.16805877898 -1.167383 4.56677233237e-07 0.000675778982536
  19504 504 1.3015 2 2 -1.16847338571 -1.168679 4.2277234491e-08 0.000205614285717
  19505 505 1.35286 2 2 -1.16947904131 -1.169713 5.47366677857e-08 0.000233958688203
  19506 506 1.41546 2 2 -1.16937688805 -1.168875 2.51891618289e-07 0.000501888053543
  19507 507 1.46434 2 2 -1.16811748513 -1.168729 3.73950431702e-07 0.000611514866297
  19508 508 1.47822 2 2 -1.16778493172 -1.167191 3.5275488681e-07 0.000593931718979
  19509 509 1.45 2 2 -1.16854667413 -1.169083 2.87645436916e-07 0.000536325868214
  19510 510 1.39168 2 2 -1.16962177741 -1.169248 1.39709554194e-07 0.000373777412633
  19511 511 1.32906 2 2 -1.16913660924 -1.169322 3.43697323291e-08 0.000185390755781
  19512 512 1.28874 2 2 -1.16815928858 -1.168308 2.21150852165e-08 0.000148711415892
  19513 513 1.28926 2 2 -1.16821309089 -1.167564 4.2131898681e-07 0.000649090892565
  19514 514 1.329 2 2 -1.16905765995 -1.169857 6.38944512048e-07 0.000799340047819
  19515 515 1.3896 2 2 -1.16965943244 -1.168974 4.69817634709e-07 0.000685432443578
  19516 516 1.4467 2 2 -1.1686241321 -1.169062 1.91728300494e-07 0.000437867903019
  19517 517 1.47646 2 2 -1.16780210675 -1.167586 4.67021262075e-08 0.000216106747251
  19518 518 1.46644 2 2 -1.16809852298 -1.168091 5.65952707343e-11 7.52298283491e-06
  19519 519 1.41782 2 2 -1.16926612396 -1.169543 7.66603392349e-08 0.000276876035863
  19520 520 1.35378 2 2 -1.16953721613 -1.169083 2.06312291038e-07 0.000454216128113
  19521 521 1.3016 2 2 -1.16846473189 -1.169161 4.84789277542e-07 0.000696268107514
  19522 522 1.28394 2 2 -1.16808300625 -1.167241 7.08974521836e-07 0.000842006248098
  19523 523 1.30934 2 2 -1.16863496424 -1.16915 2.65261837829e-07 0.00051503576364
  19524 524 1.3634 2 2 -1.16958290898 -1.169461 1.4861800615e-08 0.000121908984964
  19525 525 1.42444 2 2 -1.16917573666 -1.168948 5.18639853796e-08 0.000227736657962
  19526 526 1.46816 2 2 -1.16800026574 -1.168425 1.80399191311e-07 0.000424734259639
  19527 527 1.47506 2 2 -1.16786395516 -1.167329 2.86177024261e-07 0.000534955160982
  19528 528 1.441 2 2 -1.16875160286 -1.169363 3.7380645986e-07 0.000611397137596
  19529 529 1.38054 2 2 -1.16965408115 -1.169092 3.15935223383e-07 0.000562081153734
  19530 530 1.3201 2 2 -1.16891059717 -1.169402 2.41476740236e-07 0.000491402828884
  19531 531 1.28616 2 2 -1.16809814265 -1.16788 4.75862166588e-08 0.000218142652085
  19532 532 1.29512 2 2 -1.16833230356 -1.168009 1.04525195076e-07 0.000323303564899
  19533 533 1.3393 2 2 -1.16923720773 -1.169851 3.76740954276e-07 0.000613792272904
  19534 534 1.3997 2 2 -1.16956313991 -1.168864 4.8879661138e-07 0.000699139908301
  19535 535 1.45232 2 2 -1.16843902785 -1.169015 3.31743917121e-07 0.000575972149605
  19536 536 1.47606 2 2 -1.16781637779 -1.167338 2.28845306263e-07 0.00047837778613
  19537 537 1.45948 2 2 -1.16825439859 -1.168565 9.64732382438e-08 0.000310601413783
  19538 538 1.4069 2 2 -1.1694216767 -1.169395 7.11646278962e-10 2.66766991767e-05
  19539 539 1.34322 2 2 -1.16936281845 -1.169174 3.56524058014e-08 0.000188818446666
  19540 540 1.29598 2 2 -1.16830499799 -1.168859 3.06918224641e-07 0.000554002007795
  19541 541 1.28642 2 2 -1.16813656674 -1.167278 7.37136847949e-07 0.000858566740533
  19542 542 1.3187 2 2 -1.16881939681 -1.169553 5.38173638452e-07 0.000733603188687
  19543 543 1.37484 2 2 -1.16963624457 -1.169148 2.38382755708e-07 0.000488244565467
  19544 544 1.43262 2 2 -1.16894837642 -1.169069 1.45500473714e-08 0.000120623577179
  19545 545 1.46962 2 2 -1.16796496815 -1.168054 7.9266705002e-09 8.90318510433e-05
  19546 546 1.46988 2 2 -1.16797806599 -1.167627 1.23247330202e-07 0.000351065991235
  19547 547 1.4305 2 2 -1.16895610371 -1.16954 3.4093487741e-07 0.000583896289944
  19548 548 1.36922 2 2 -1.16961400414 -1.168953 4.36926474984e-07 0.000661004141427
  19549 549 1.31286 2 2 -1.16869274995 -1.169425 5.36190140386e-07 0.000732250053183
  19550 550 1.28518 2 2 -1.16806987448 -1.167493 3.32784160354e-07 0.000576874475388
  19551 551 1.30094 2 2 -1.1684198325 -1.168546 1.59182387743e-08 0.000126167502846
  19552 552 1.35046 2 2 -1.16939884299 -1.169713 9.86946267217e-08 0.000314157009665
  19553 553 1.41118 2 2 -1.1693965661 -1.168813 3.40549397285e-07 0.000583566103612
  19554 554 1.45844 2 2 -1.16824374889 -1.168886 4.12486492623e-07 0.000642251113368
  19555 555 1.47376 2 2 -1.16789799202 -1.167202 4.84404885845e-07 0.000695992015647
  19556 556 1.44954 2 2 -1.16848365276 -1.169023 2.90895446815e-07 0.000539347241408
  19557 557 1.39468 2 2 -1.16952942665 -1.169209 1.02673237342e-07 0.000320426648926
  19558 558 1.33372 2 2 -1.16915450919 -1.169262 1.15542733896e-08 0.00010749080607
  19559 559 1.2924 2 2 -1.16819635416 -1.168495 8.91893373153e-08 0.000298645839273
  19560 560 1.28972 2 2 -1.16818443579 -1.167469 5.11848374377e-07 0.00071543579333
  19561 561 1.32736 2 2 -1.16896773574 -1.169844 7.67839048759e-07 0.000876264257379
  19562 562 1.38626 2 2 -1.16963161718 -1.168896 5.41132629093e-07 0.000735617175638
  19563 563 1.4421 2 2 -1.16868521659 -1.169109 1.79592375452e-07 0.000423783406296
  19564 564 1.47248 2 2 -1.16788860101 -1.167724 2.70934924126e-08 0.000164601009756
  19565 565 1.46426 2 2 -1.16812553101 -1.167983 2.03150881539e-08 0.000142531007693
  19566 566 1.41868 2 2 -1.16917548983 -1.169602 1.81910923667e-07 0.000426510168304
  19567 567 1.35702 2 2 -1.16952294655 -1.168935 3.45681144797e-07 0.000587946549269
  19568 568 1.30568 2 2 -1.16850260329 -1.169288 6.16847985612e-07 0.000785396705883
  19569 569 1.28614 2 2 -1.16810672216 -1.167273 6.95092641788e-07 0.000833722161027
  19570 570 1.30854 2 2 -1.16856513051 -1.169037 2.22660812382e-07 0.000471869486597
  19571 571 1.3607 2 2 -1.16950744222 -1.169492 2.38462147163e-10 1.5442219632e-05
  19572 572 1.4207 2 2 -1.16920468673 -1.168868 1.13357950877e-07 0.000336686725128
  19573 573 1.46392 2 2 -1.16807897934 -1.168621 2.9378639793e-07 0.000542020661904
  19574 574 1.47236 2 2 -1.16792864982 -1.167256 4.524577825e-07 0.000672649821601
  19575 575 1.4408 2 2 -1.16869044527 -1.169366 4.56374191848e-07 0.000675554728981
  19576 576 1.38238 2 2 -1.16960120513 -1.169034 3.21721653927e-07 0.000567205125089
  19577 577 1.32402 2 2 -1.16893964116 -1.169354 1.71693248148e-07 0.000414358839833
  19578 578 1.28954 2 2 -1.16813999067 -1.168078 3.84284285451e-09 6.19906674791e-05
  19579 579 1.29472 2 2 -1.16828835383 -1.167841 2.00125453125e-07 0.000447353834369
  19580 580 1.33706 2 2 -1.16914231778 -1.169926 6.14157826716e-07 0.000783682223045
  19581 581 1.397 2 2 -1.16956386591 -1.168764 6.39785473606e-07 0.000799865909766
  19582 582 1.44938 2 2 -1.16847395243 -1.169076 3.62461282506e-07 0.000602047574952
  19583 583 1.47324 2 2 -1.16787933086 -1.167447 1.86909975588e-07 0.000432330863562
  19584 584 1.45794 2 2 -1.16827343906 -1.168423 2.23684748534e-08 0.000149560940267
  19585 585 1.40768 2 2 -1.16934571234 -1.169492 2.14000795277e-08 0.000146287660203
  19586 586 1.34618 2 2 -1.16937408295 -1.169032 1.17020743504e-07 0.00034208294828
  19587 587 1.2998 2 2 -1.16835513812 -1.169012 4.31467532262e-07 0.000656861882181
  19588 588 1.28796 2 2 -1.16815107777 -1.16725 8.11941147068e-07 0.000901077769712
  19589 589 1.31628 2 2 -1.16871821651 -1.16946 5.50242744694e-07 0.000741783489095
  19590 590 1.37136 2 2 -1.16958539577 -1.169201 1.47760106337e-07 0.000384395767844
  19591 591 1.4303 2 2 -1.16897521741 -1.168989 1.89959709374e-10 1.378258718e-05
  19592 592 1.46796 2 2 -1.16797508721 -1.168247 7.39365652455e-08 0.000271912789779
  19593 593 1.46892 2 2 -1.16800986592 -1.167509 2.50866665017e-07 0.000500865915208
  19594 594 1.4309 2 2 -1.16891015113 -1.169562 4.24906954281e-07 0.000651848873805
  19595 595 1.37072 2 2 -1.16959684209 -1.16891 4.71752056767e-07 0.000686842090125
  19596 596 1.31584 2 2 -1.16873472895 -1.169404 4.47923731829e-07 0.000669271045114
  19597 597 1.28814 2 2 -1.16812623636 -1.167646 2.3062696506e-07 0.000480236363742
  19598 598 1.30064 2 2 -1.16839202512 -1.168359 1.09065884605e-09 3.30251244668e-05
  19599 599 1.34648 2 2 -1.16929765478 -1.16981 2.62497620581e-07 0.000512345216218
  19600 600 1.40712 2 2 -1.16943493318 -1.168747 4.73252054177e-07 0.000687933175662
  19601 601 1.45626 2 2 -1.16827302614 -1.168968 4.82988669301e-07 0.000694973862315
  19602 602 1.47324 2 2 -1.16789412318 -1.167248 4.17475163469e-07 0.000646123179795
  19603 603 1.4504 2 2 -1.16845037828 -1.168887 1.90638526569e-07 0.000436621720222
  19604 604 1.3963 2 2 -1.16948298847 -1.169279 4.16112959472e-08 0.000203988470133
  19605 605 1.33636 2 2 -1.16918918709 -1.169182 5.16542720465e-11 7.18709065245e-06
  19606 606 1.2955 2 2 -1.16825716967 -1.168659 1.61467617531e-07 0.000401830334259
  19607 607 1.29046 2 2 -1.16819883923 -1.167389 6.55839579475e-07 0.000809839230635
  19608 608 1.3246 2 2 -1.16888231556 -1.169779 8.0404298128e-07 0.00089668443796
  19609 609 1.38194 2 2 -1.16961473385 -1.168922 4.79880182836e-07 0.000692733847041
  19610 610 1.43884 2 2 -1.16874439764 -1.169095 1.22922017664e-07 0.000350602364031
  19611 611 1.47096 2 2 -1.16790650042 -1.167862 1.98028765909e-09 4.45004231338e-05
  19612 612 1.4647 2 2 -1.16810567444 -1.167867 5.69654872859e-08 0.000238674437856
  19613 613 1.42078 2 2 -1.16911301406 -1.16963 2.67274465299e-07 0.000516985943038
  19614 614 1.35964 2 2 -1.16953433081 -1.168875 4.34717112603e-07 0.000659330806654
  19615 615 1.30866 2 2 -1.16855545795 -1.169351 6.32887152015e-07 0.000795542049181
  19616 616 1.2881 2 2 -1.16815013161 -1.167332 6.69339323116e-07 0.00081813160501
  19617 617 1.3072 2 2 -1.16851229777 -1.168884 1.38162545959e-07 0.000371702227541
  19618 618 1.35632 2 2 -1.16943386804 -1.169571 1.88051746391e-08 0.000137131960677
  19619 619 1.4164 2 2 -1.16926517253 -1.168817 2.00858614434e-07 0.000448172527531
  19620 620 1.4613 2 2 -1.16812895661 -1.168763 4.02011014471e-07 0.000634043385322
  19621 621 1.47216 2 2 -1.16792552072 -1.167213 5.07685777156e-07 0.00071252072051
  19622 622 1.4432 2 2 -1.16861280152 -1.169283 4.49166008793e-07 0.000670198484625
  19623 623 1.38522 2 2 -1.16957296996 -1.169042 2.81929095712e-07 0.000530969957448
  19624 624 1.32648 2 2 -1.16897474173 -1.169327 1.24085888807e-07 0.000352258270033
  19625 625 1.29168 2 2 -1.16818107414 -1.168245 4.08651618673e-09 6.39258647711e-05
  19626 626 1.29604 2 2 -1.1683318562 -1.167712 3.84221712747e-07 0.000619856203282
  19627 627 1.33442 2 2 -1.16906236087 -1.169917 7.30408043363e-07 0.000854639130489
  19628 628 1.3909 2 2 -1.16957989496 -1.168732 7.18925870693e-07 0.000847894964423
  19629 629 1.44466 2 2 -1.16856244329 -1.169142 3.35885977606e-07 0.000579556707843
  19630 630 1.4715 2 2 -1.16790151695 -1.167529 1.38768876606e-07 0.000372516948079
  19631 631 1.45922 2 2 -1.16821047866 -1.16831 9.90449678525e-09 9.95213383413e-05
  19632 632 1.4112 2 2 -1.16926696118 -1.169529 6.86643439805e-08 0.000262038821514
  19633 633 1.34956 2 2 -1.16940283839 -1.168945 2.09615986962e-07 0.0004578383852
  19634 634 1.302 2 2 -1.16838075577 -1.169157 6.02555102202e-07 0.00077624422845
  19635 635 1.28952 2 2 -1.16819510954 -1.167233 9.25654758535e-07 0.000962109535622
  19636 636 1.31582 2 2 -1.1686854483 -1.16934 4.28437930027e-07 0.000654551701569
  19637 637 1.36736 2 2 -1.16952977248 -1.169234 8.74813587266e-08 0.000295772477973
  19638 638 1.42462 2 2 -1.16905898727 -1.168961 9.60150446977e-09 9.79872668757e-05
  19639 639 1.46346 2 2 -1.168073034 -1.168426 1.24584993922e-07 0.000352965995419
  19640 640 1.46752 2 2 -1.16802750582 -1.16743 3.5701320635e-07 0.000597505821185
  19641 641 1.4335 2 2 -1.16880372045 -1.169531 5.28935543034e-07 0.00072727954944
  19642 642 1.37484 2 2 -1.16956889635 -1.168852 5.13940383177e-07 0.000716896354557
  19643 643 1.31878 2 2 -1.16875791675 -1.169413 4.29134066596e-07 0.000655083251652
  19644 644 1.29008 2 2 -1.16814396717 -1.167803 1.16258614108e-07 0.000340967174532
  19645 645 1.30126 2 2 -1.16839827151 -1.168214 3.39559887026e-08 0.000184271508114
  19646 646 1.34464 2 2 -1.16922729211 -1.16984 3.75410959482e-07 0.000612707890827
  19647 647 1.402 2 2 -1.169462875 -1.168678 6.16028771056e-07 0.00078487500346
  19648 648 1.45074 2 2 -1.16838119627 -1.169072 4.77209798655e-07 0.000690803733817
  19649 649 1.47008 2 2 -1.16795580452 -1.167299 4.3139217292e-07 0.000656804516519
  19650 650 1.45092 2 2 -1.16838469102 -1.168784 1.59447664001e-07 0.00039930898312
  19651 651 1.39904 2 2 -1.16940148951 -1.169316 7.3084554669e-09 8.54895050102e-05
  19652 652 1.33966 2 2 -1.16920580742 -1.169084 1.48370470501e-08 0.000121807417878
  19653 653 1.29812 2 2 -1.16827561056 -1.168831 3.08457432351e-07 0.000555389442059
  19654 654 1.29266 2 2 -1.16824698847 -1.167347 8.0997923833e-07 0.000899988465665
  19655 655 1.32424 2 2 -1.16883113 -1.169686 7.3080271791e-07 0.000854870000591
  19656 656 1.37786 2 2 -1.16956425385 -1.168913 4.24131583484e-07 0.000651253854871
  19657 657 1.43324 2 2 -1.16882225412 -1.169087 7.00903821122e-08 0.000264745882144
  19658 658 1.46606 2 2 -1.16800681488 -1.16803 5.37549758533e-10 2.3185119334e-05
  19659 659 1.4626 2 2 -1.16812423039 -1.167801 1.04477883019e-07 0.000323230386905
  19660 660 1.4226 2 2 -1.16901342084 -1.169625 3.7402907441e-07 0.000611579164467
  19661 661 1.363 2 2 -1.16950800086 -1.168774 5.3875726446e-07 0.000734000861348
  19662 662 1.31176 2 2 -1.16856793781 -1.169405 7.00673113536e-07 0.000837062192155
  19663 663 1.29012 2 2 -1.16816181431 -1.167423 5.45846590108e-07 0.000738814313687
  19664 664 1.30826 2 2 -1.16850485288 -1.168778 7.46093473184e-08 0.000273147116621
  19665 665 1.35506 2 2 -1.16936460772 -1.169591 5.12534626575e-08 0.000226392276055
  19666 666 1.41188 2 2 -1.16928989362 -1.16874 3.02382995168e-07 0.000549893621683
  19667 667 1.4557 2 2 -1.16823537286 -1.168912 4.57824291368e-07 0.000676627143535
  19668 668 1.46794 2 2 -1.16801895053 -1.167206 6.6088857177e-07 0.000812950534639
  19669 669 1.44206 2 2 -1.16856388197 -1.169242 4.59844064616e-07 0.000678118031478
  19670 670 1.38748 2 2 -1.16949076122 -1.169025 2.16933517616e-07 0.000465761223822
  19671 671 1.33022 2 2 -1.1689841746 -1.16924 6.54466330185e-08 0.00025582539557
  19672 672 1.2946 2 2 -1.16818993863 -1.168435 6.00550765954e-08 0.00024506137312
  19673 673 1.29704 2 2 -1.16832428826 -1.167632 4.79263030817e-07 0.000692288257026
  19674 674 1.33422 2 2 -1.16900373417 -1.169907 8.1588916362e-07 0.0009032658322
  19675 675 1.38868 2 2 -1.16954679106 -1.168649 8.06028784954e-07 0.000897791058629
  19676 676 1.4406 2 2 -1.16860510232 -1.169172 3.21372978812e-07 0.000566897679314
  19677 677 1.46684 2 2 -1.1680014028 -1.167652 1.22082316939e-07 0.000349402800416
  19678 678 1.45622 2 2 -1.16824680101 -1.168241 3.36516845826e-11 5.80100720415e-06
  19679 679 1.41096 2 2 -1.16919076427 -1.169596 1.64215993211e-07 0.000405235725487
  19680 680 1.35182 2 2 -1.16938132749 -1.168785 3.55606478853e-07 0.000596327492954
  19681 681 1.30582 2 2 -1.16840672436 -1.169278 7.5912124942e-07 0.000871275644914
  19682 682 1.29182 2 2 -1.16821448765 -1.16723 9.69215923201e-07 0.000984487645022
  19683 683 1.31598 2 2 -1.16862901197 -1.169277 4.19888482741e-07 0.000647988026696
  19684 684 1.36572 2 2 -1.1694615387 -1.169267 3.78453071317e-08 0.000194538703429
  19685 685 1.42166 2 2 -1.16907267562 -1.168855 4.73826746919e-08 0.000217675618046
  19686 686 1.45974 2 2 -1.16812308142 -1.168631 2.57981281651e-07 0.000507918577777
  19687 687 1.46428 2 2 -1.16810601408 -1.167341 5.85246549022e-07 0.000765014084199
  19688 688 1.43188 2 2 -1.16876764915 -1.169556 6.21497061199e-07 0.000788350849051
  19689 689 1.37542 2 2 -1.16951508479 -1.168793 5.21406447504e-07 0.000722084792461
  19690 690 1.3222 2 2 -1.16877443531 -1.169347 3.27830327828e-07 0.000572564693137
  19691 691 1.29314 2 2 -1.16816529851 -1.167995 2.90015824122e-08 0.000170298509718
  19692 692 1.30182 2 2 -1.1683802506 -1.16808 9.01504228317e-08 0.000300250600052
  19693 693 1.34372 2 2 -1.16915355931 -1.169921 5.88965220069e-07 0.000767440694822
  19694 694 1.4001 2 2 -1.16945545773 -1.168543 8.32579099946e-07 0.000912457725019
  19695 695 1.44828 2 2 -1.16839137352 -1.169146 5.69461120386e-07 0.000754626477395
  19696 696 1.4666 2 2 -1.1680333565 -1.167367 4.44030987534e-07 0.000666356501832
  19697 697 1.4481 2 2 -1.16841792982 -1.168697 7.78801664007e-08 0.000279070181855
  19698 698 1.39896 2 2 -1.16933010219 -1.169424 8.81679948435e-09 9.38978140552e-05
  19699 699 1.34188 2 2 -1.16920819823 -1.168912 8.77333894815e-08 0.000296198226668
  19700 700 1.3014 2 2 -1.16829917432 -1.168999 4.89755985205e-07 0.000699825682013
  19701 701 1.29406 2 2 -1.16825550172 -1.167283 9.4575960493e-07 0.000972501724898
  19702 702 1.32346 2 2 -1.16876264994 -1.169642 7.73256528294e-07 0.000879350060155
  19703 703 1.3764 2 2 -1.16951721493 -1.168948 3.240056324e-07 0.000569214926368
  19704 704 1.4314 2 2 -1.16883314285 -1.168988 2.39807383127e-08 0.000154857154542
  19705 705 1.46392 2 2 -1.16802256441 -1.168237 4.59826226316e-08 0.00021443559087
  19706 706 1.46056 2 2 -1.16818143545 -1.167681 2.50435643404e-07 0.000500435453784
  19707 707 1.42108 2 2 -1.16898817464 -1.169692 4.95370141697e-07 0.000703825363067
  19708 708 1.36326 2 2 -1.16948179508 -1.168689 6.28524043632e-07 0.000792795083002
  19709 709 1.31472 2 2 -1.16859617685 -1.169376 6.08124145185e-07 0.000779823149941
  19710 710 1.29308 2 2 -1.16819967612 -1.167565 4.02813771317e-07 0.000634676115288
  19711 711 1.3083 2 2 -1.16847536645 -1.168629 2.36032689587e-08 0.000153633554143
  19712 712 1.3529 2 2 -1.16928588042 -1.169719 1.87592567516e-07 0.000433119576464
  19713 713 1.40928 2 2 -1.16931307393 -1.168614 4.88704358868e-07 0.000699073929473
  19714 714 1.45414 2 2 -1.16823445864 -1.169005 5.93733984025e-07 0.000770541357764
  19715 715 1.46668 2 2 -1.16803839901 -1.167222 6.66507351053e-07 0.000816399014608
  19716 716 1.44128 2 2 -1.16855904619 -1.169146 3.44514778269e-07 0.000586953812722
  19717 717 1.38748 2 2 -1.16944475753 -1.169116 1.08081511824e-07 0.000328757527403
  19718 718 1.33174 2 2 -1.16899815648 -1.169128 1.68593385223e-08 0.000129843515519
  19719 719 1.29742 2 2 -1.16823171189 -1.168601 1.36373707788e-07 0.00036928810946
  19720 720 1.29842 2 2 -1.16835246236 -1.167541 6.58471160436e-07 0.000811462359223
  19721 721 1.3329 2 2 -1.16894029103 -1.169885 8.92475035125e-07 0.000944708968479
  19722 722 1.38614 2 2 -1.16952456426 -1.168642 7.7891966802e-07 0.000882564257162
  19723 723 1.43804 2 2 -1.16863599588 -1.169136 2.50004123154e-07 0.000500004123137
  19724 724 1.46482 2 2 -1.16802316941 -1.167799 5.02519231992e-08 0.000224169407367
  19725 725 1.45564 2 2 -1.16825012255 -1.168136 1.30239569969e-08 0.000114122552534
  19726 726 1.41162 2 2 -1.16914205855 -1.169668 2.76614410716e-07 0.000525941451795
  19727 727 1.35304 2 2 -1.1693820403 -1.168684 4.87260259571e-07 0.000698040299389
  19728 728 1.30782 2 2 -1.16842334027 -1.169322 8.07589313257e-07 0.000898659731632
  19729 729 1.29382 2 2 -1.16824826573 -1.16728 9.37538514331e-07 0.000968265725063
  19730 730 1.31626 2 2 -1.16861046745 -1.169162 3.04188153573e-07 0.000551532549876
  19731 731 1.36318 2 2 -1.16940070883 -1.169361 1.57679136678e-09 3.97088323523e-05
  19732 732 1.41828 2 2 -1.1691157457 -1.168772 1.18161106799e-07 0.000343745700771
  19733 733 1.45766 2 2 -1.16814424694 -1.168766 3.86576863852e-07 0.000621753056971
  19734 734 1.46328 2 2 -1.16812459611 -1.167284 7.06601812963e-07 0.000840596105727
  19735 735 1.43198 2 2 -1.16873344279 -1.16952 6.18672250055e-07 0.000786557213466
  19736 736 1.37646 2 2 -1.16948297559 -1.168791 4.78830214831e-07 0.00069197558832
  19737 737 1.3237 2 2 -1.16877949832 -1.169304 2.75102007872e-07 0.000524501675757
  19738 738 1.29568 2 2 -1.16820635276 -1.168153 2.8465166246e-09 5.33527564855e-05
  19739 739 1.30382 2 2 -1.16842736748 -1.167961 2.17498629042e-07 0.00046636748283
  19740 740 1.34188 2 2 -1.16908080304 -1.169961 7.74746688318e-07 0.000880196959958
  19741 741 1.39586 2 2 -1.16946669643 -1.168466 1.00139333785e-06 0.00100069642642
  19742 742 1.44476 2 2 -1.1684386139 -1.169184 5.55600442608e-07 0.000745386103042
  19743 743 1.46504 2 2 -1.16803913007 -1.167452 3.44721724082e-07 0.000587130074244
  19744 744 1.44814 2 2 -1.16839102534 -1.168608 4.70780024837e-08 0.000216974658621
  19745 745 1.40018 2 2 -1.16927880284 -1.169501 4.93715797049e-08 0.000222197164034
  19746 746 1.34338 2 2 -1.16921799634 -1.168797 1.7723791999e-07 0.000420996342015
  19747 747 1.3034 2 2 -1.1683144119 -1.169124 6.55432895869e-07 0.000809588102598
  19748 748 1.29622 2 2 -1.16830814203 -1.167243 1.13452753811e-06 0.0010651420272
  19749 749 1.32438 2 2 -1.16874476021 -1.16957 6.81020703319e-07 0.000825239785346
  19750 750 1.3736 2 2 -1.16946537233 -1.168974 2.41446762146e-07 0.000491372325377
  19751 751 1.42642 2 2 -1.16889829098 -1.168946 2.27615018328e-09 4.77090157442e-05
  19752 752 1.45986 2 2 -1.16809321566 -1.168415 1.03545159912e-07 0.00032178433758
  19753 753 1.45902 2 2 -1.16819836484 -1.167586 3.74990697824e-07 0.000612364840454
  19754 754 1.42232 2 2 -1.16890987581 -1.169704 6.30633232287e-07 0.000794124191979
  19755 755 1.36544 2 2 -1.16945670954 -1.168605 7.25409140838e-07 0.000851709540182
  19756 756 1.31612 2 2 -1.16857821236 -1.169374 6.3327796525e-07 0.000795787638287
  19757 757 1.29528 2 2 -1.16822136664 -1.167712 2.59454372448e-07 0.000509366638531
  19758 758 1.31052 2 2 -1.1685161052 -1.168506 1.02114988337e-10 1.01051961058e-05
  19759 759 1.35228 2 2 -1.16922454508 -1.169786 3.15231627321e-07 0.000561454920115
  19760 760 1.40514 2 2 -1.16933513055 -1.168499 6.99114292493e-07 0.000836130547518
  19761 761 1.44944 2 2 -1.16830652254 -1.169098 6.26436568923e-07 0.000791477459517
  19762 762 1.46288 2 2 -1.16810905213 -1.167262 7.1749731682e-07 0.000847052133472
  19763 763 1.4402 2 2 -1.16852425245 -1.16908 3.08855333792e-07 0.000555747545016
  19764 764 1.38902 2 2 -1.16937055242 -1.169168 4.10274828181e-08 0.000202552419927
  19765 765 1.33374 2 2 -1.16899448145 -1.16901 2.40825280902e-10 1.55185463527e-05
  19766 766 1.29978 2 2 -1.16823562793 -1.168774 2.89844480544e-07 0.00053837206516
  19767 767 1.30098 2 2 -1.16840297546 -1.167469 8.72310162485e-07 0.000933975461393
  19768 768 1.33422 2 2 -1.16890822515 -1.169844 8.75674561963e-07 0.000935774845763
  19769 769 1.38354 2 2 -1.16947617879 -1.168609 7.51999053015e-07 0.000867178789532
  19770 770 1.43292 2 2 -1.1686946491 -1.169117 1.78380278845e-07 0.000422350895399
  19771 771 1.46032 2 2 -1.1680944049 -1.167978 1.35501005002e-08 0.000116404898953
  19772 772 1.45282 2 2 -1.16828615737 -1.168057 5.2513102217e-08 0.000229157374346
  19773 773 1.41148 2 2 -1.16907095818 -1.169709 4.07097364896e-07 0.000638041820649
  19774 774 1.3549 2 2 -1.16935295754 -1.168556 6.35141312997e-07 0.000796957535253
  19775 775 1.31018 2 2 -1.16841351889 -1.169355 8.86386677647e-07 0.000941481108492
  19776 776 1.29616 2 2 -1.16826069161 -1.167368 7.96898318341e-07 0.000892691614356
  19777 777 1.31876 2 2 -1.16862556754 -1.169082 2.08330594341e-07 0.000456432464162
  19778 778 1.36356 2 2 -1.16933880704 -1.169402 3.99335001134e-09 6.31929585582e-05
  19779 779 1.41426 2 2 -1.16913548356 -1.168668 2.18540875591e-07 0.000467483556493
  19780 780 1.45216 2 2 -1.16823357436 -1.1689 4.44123131156e-07 0.000666425638129
  19781 781 1.45858 2 2 -1.16821241642 -1.167271 8.8626488022e-07 0.000941416422323
  19782 782 1.42982 2 2 -1.16869351393 -1.169508 6.63387559876e-07 0.000814486071014
  19783 783 1.37754 2 2 -1.1694070934 -1.168766 4.11000752577e-07 0.000641093403941
  19784 784 1.32618 2 2 -1.16876425511 -1.169223 2.10446874372e-07 0.000458744890295
  19785 785 1.29794 2 2 -1.16819417623 -1.16833 1.8448096648e-08 0.000135823770556
  19786 786 1.30614 2 2 -1.16845671782 -1.167885 3.26861262249e-07 0.000571717816977
  19787 787 1.34394 2 2 -1.1690481292 -1.169973 8.55385988563e-07 0.000924870795605
  19788 788 1.39482 2 2 -1.16942577037 -1.168345 1.16806460026e-06 0.00108077037351
  19789 789 1.4404 2 2 -1.16847652143 -1.16922 5.52760388291e-07 0.000743478572853
  19790 790 1.45964 2 2 -1.1681412857 -1.167569 3.27510921525e-07 0.000572285699214
  19791 791 1.44388 2 2 -1.1684351237 -1.168568 1.76561106434e-08 0.000132876298275
  19792 792 1.3986 2 2 -1.1692064811 -1.169576 1.36544220807e-07 0.000369518904532
  19793 793 1.34486 2 2 -1.16918733834 -1.168618 3.24146148762e-07 0.000569338342958
  19794 794 1.30642 2 2 -1.16830997925 -1.169226 8.39094021936e-07 0.000916020754097
  19795 795 1.29918 2 2 -1.16833633181 -1.167238 1.20633276534e-06 0.00109833181022
  19796 796 1.3264 2 2 -1.16871622287 -1.169546 6.88530079321e-07 0.000829777126294
  19797 797 1.37342 2 2 -1.16939880974 -1.168986 1.70411883501e-07 0.000412809742498
  19798 798 1.42396 2 2 -1.16889512892 -1.168841 2.92993957646e-09 5.4128916269e-05
  19799 799 1.45624 2 2 -1.16812957706 -1.168608 2.28888510587e-07 0.000478422941117
  19800 800 1.45414 2 2 -1.16830853543 -1.167499 6.55347609333e-07 0.00080953542809
  19801 801 1.41872 2 2 -1.16888554563 -1.169769 7.80491627316e-07 0.000883454371949
  19802 802 1.36512 2 2 -1.16939528399 -1.1685 8.01533431166e-07 0.0008952839947
  19803 803 1.31872 2 2 -1.16856519328 -1.169325 5.7730624741e-07 0.000759806717139
  19804 804 1.29826 2 2 -1.16823073328 -1.167883 1.2091843607e-07 0.000347733282948
  19805 805 1.31288 2 2 -1.16853383038 -1.16841 1.53339626466e-08 0.000123830378529
  19806 806 1.35352 2 2 -1.16916793418 -1.169874 4.98528940513e-07 0.000706065818825
  19807 807 1.40426 2 2 -1.16931201207 -1.16832 9.84087943637e-07 0.000992012068292
  19808 808 1.446 2 2 -1.16832578161 -1.169187 7.41697118646e-07 0.000861218391957
  19809 809 1.45852 2 2 -1.16819055326 -1.167302 7.89526890584e-07 0.000888553257033
  19810 810 1.43632 2 2 -1.16854838678 -1.169053 2.54634498141e-07 0.000504613216375
  19811 811 1.38702 2 2 -1.16930225737 -1.169265 1.38811189104e-09 3.72573736466e-05
  19812 812 1.33458 2 2 -1.16897251455 -1.168816 2.4496804026e-08 0.000156514548928
  19813 813 1.30298 2 2 -1.16824782445 -1.168945 4.86053741093e-07 0.000697175545392
  19814 814 1.30356 2 2 -1.16843611669 -1.167384 1.10694952618e-06 0.00105211668848
  19815 815 1.33574 2 2 -1.16886419693 -1.169859 9.89633141553e-07 0.000994803066719
  19816 816 1.38378 2 2 -1.16942231732 -1.168582 7.06133197158e-07 0.000840317319325
  19817 817 1.43124 2 2 -1.16868215079 -1.169022 1.15497486248e-07 0.000339849211045
  19818 818 1.45706 2 2 -1.16812577378 -1.168198 5.21662646842e-09 7.22262173204e-05
  19819 819 1.44878 2 2 -1.16837590221 -1.16794 1.90010733986e-07 0.000435902206906
  19820 820 1.40772 2 2 -1.16904452914 -1.169819 5.99805110478e-07 0.000774470858379
  19821 821 1.35386 2 2 -1.16930632576 -1.168406 8.10586468976e-07 0.000900325757144
  19822 822 1.3131 2 2 -1.16842129445 -1.169332 8.29384602605e-07 0.000910705552088
  19823 823 1.29976 2 2 -1.16829570128 -1.167503 6.28375327091e-07 0.000792701284906
  19824 824 1.3203 2 2 -1.16861232959 -1.168981 1.35917872083e-07 0.000368670411185
  19825 825 1.36314 2 2 -1.16926869938 -1.169531 6.88016149997e-08 0.000262300619518
  19826 826 1.41346 2 2 -1.16912762959 -1.168492 4.04024971558e-07 0.000635629586755
  19827 827 1.45062 2 2 -1.16821561745 -1.169018 6.43817756568e-07 0.000802382550015
  19828 828 1.45546 2 2 -1.16827800638 -1.167255 1.04654205294e-06 0.00102300637972
  19829 829 1.42652 2 2 -1.16870897463 -1.169479 5.92939075814e-07 0.000770025373487
  19830 830 1.37522 2 2 -1.16934849271 -1.168841 2.57548855216e-07 0.000507492714446
  19831 831 1.3267 2 2 -1.16874926058 -1.169071 1.03516256811e-07 0.000321739423775
  19832 832 1.30164 2 2 -1.16824190187 -1.168523 7.90161582621e-08 0.00028109812924
  19833 833 1.309 2 2 -1.1685079447 -1.167779 5.31360379825e-07 0.000728944702858
  19834 834 1.34434 2 2 -1.16899141622 -1.17 1.01724123825e-06 0.0010085837785
  19835 835 1.39356 2 2 -1.1693927452 -1.168279 1.24042837863e-06 0.00111374520364
  19836 836 1.43814 2 2 -1.16847940067 -1.169176 4.85250630129e-07 0.000696599332564
  19837 837 1.45728 2 2 -1.16815165359 -1.167741 1.68636368751e-07 0.000410653587287
  19838 838 1.44146 2 2 -1.16847310211 -1.168478 2.39892871945e-11 4.89788599239e-06
  19839 839 1.39652 2 2 -1.1691697825 -1.169684 2.64419642288e-07 0.000514217504844
  19840 840 1.34408 2 2 -1.16916126004 -1.168461 4.90364123276e-07 0.000700260039754
  19841 841 1.30852 2 2 -1.16831543257 -1.169267 9.0548058306e-07 0.000951567434846
  19842 842 1.30278 2 2 -1.16839810498 -1.167278 1.254635157e-06 0.00112010497588
  19843 843 1.32812 2 2 -1.16870260231 -1.169479 6.02793379403e-07 0.0007763976941
  19844 844 1.37282 2 2 -1.16933914303 -1.16907 7.24379688372e-08 0.00026914302673
  19845 845 1.42168 2 2 -1.1689104283 -1.168725 3.43836540504e-08 0.000185428298947
  19846 846 1.45328 2 2 -1.16815894324 -1.168757 3.57671891323e-07 0.000598056762626
  19847 847 1.45146 2 2 -1.16835748753 -1.167435 8.50983250835e-07 0.000922487534244
  19848 848 1.41676 2 2 -1.16886093702 -1.169774 8.33684010772e-07 0.000913062982916
  19849 849 1.36382 2 2 -1.16934239562 -1.168467 7.66317495957e-07 0.000875395622537
  19850 850 1.31962 2 2 -1.16854280466 -1.169267 5.2445888627e-07 0.000724195337095
  19851 851 1.30198 2 2 -1.1682866542 -1.168051 5.55329005857e-08 0.000235654197047
  19852 852 1.31576 2 2 -1.1685782281 -1.168311 7.14108572055e-08 0.000267228099581
  19853 853 1.35362 2 2 -1.16911047054 -1.16994 6.88119130571e-07 0.000829529463353
  19854 854 1.40202 2 2 -1.16930569176 -1.168174 1.28072623255e-06 0.00113169175686
  19855 855 1.44274 2 2 -1.1683445513 -1.169244 8.09007964856e-07 0.000899448700514
  19856 856 1.45552 2 2 -1.16822636435 -1.167374 7.2652498547e-07 0.000852364350187
  19857 857 1.43446 2 2 -1.16854452729 -1.169007 2.13881010687e-07 0.000462472713451
  19858 858 1.38566 2 2 -1.16925246222 -1.169362 1.19985250452e-08 0.000109537779078
  19859 859 1.33448 2 2 -1.16895284809 -1.168651 9.11122683268e-08 0.000301848088162
  19860 860 1.30524 2 2 -1.16825518145 -1.169077 6.75385730647e-07 0.000821818550927
  19861 861 1.30748 2 2 -1.16851731274 -1.167329 1.41208716783e-06 0.00118831273991
  19862 862 1.33826 2 2 -1.16884499314 -1.169832 9.7418254051e-07 0.000987006859404
  19863 863 1.38246 2 2 -1.16936638794 -1.168587 6.07445564567e-07 0.000779387942277
  19864 864 1.42698 2 2 -1.16872033202 -1.168972 6.33367741022e-08 0.000251667983864
  19865 865 1.4527 2 2 -1.16818571398 -1.168372 3.47024794684e-08 0.000186286015225
  19866 866 1.4458 2 2 -1.16841594814 -1.167856 3.13541920567e-07 0.000559948140962
  19867 867 1.40696 2 2 -1.16898500643 -1.169866 7.76149678957e-07 0.000880993574867
  19868 868 1.35366 2 2 -1.16926291516 -1.168267 9.91847002332e-07 0.0009959151582
  19869 869 1.31372 2 2 -1.16837069184 -1.169354 9.66894934888e-07 0.000983308158661
  19870 870 1.30322 2 2 -1.16834566959 -1.167627 5.16485981383e-07 0.000718669591247
  19871 871 1.32446 2 2 -1.16866803336 -1.168902 5.4740386434e-08 0.000233966635301
  19872 872 1.3645 2 2 -1.16921313901 -1.16961 1.5749864504e-07 0.000396860989567
  19873 873 1.41042 2 2 -1.16913764814 -1.168314 6.78396261777e-07 0.000823648141974
  19874 874 1.44498 2 2 -1.16828756725 -1.169144 7.33477062205e-07 0.000856432754047
  19875 875 1.45068 2 2 -1.16835015791 -1.167262 1.18408764741e-06 0.00108815791474
  19876 876 1.42396 2 2 -1.16867621628 -1.169462 6.17456057032e-07 0.000785783721537
  19877 877 1.3744 2 2 -1.16927333035 -1.168882 1.53139445527e-07 0.000391330353445
  19878 878 1.32754 2 2 -1.16871920052 -1.168936 4.70020139572e-08 0.000216799478683
  19879 879 1.30434 2 2 -1.16824470051 -1.168703 2.10038422294e-07 0.000458299489738
  19880 880 1.31328 2 2 -1.16858516535 -1.167696 7.9061501493e-07 0.000889165347351
  19881 881 1.34778 2 2 -1.16896382019 -1.169997 1.06746051612e-06 0.00103317980822
  19882 882 1.39214 2 2 -1.1693395933 -1.168197 1.30551943935e-06 0.00114259329569
  19883 883 1.4336 2 2 -1.16850958076 -1.16917 4.36153571296e-07 0.000660419239042
  19884 884 1.45192 2 2 -1.16822791063 -1.167918 9.60445961991e-08 0.000309910626147
  19885 885 1.43684 2 2 -1.16852659927 -1.168418 1.17938016106e-08 0.000108599270765
  19886 886 1.39414 2 2 -1.16910514014 -1.169751 4.17134953176e-07 0.000645859855677
  19887 887 1.34406 2 2 -1.16911296892 -1.168268 7.13972469071e-07 0.000844968916038
  19888 888 1.31082 2 2 -1.16828931936 -1.169316 1.05407313461e-06 0.00102668063905
  19889 889 1.30672 2 2 -1.16843890432 -1.167362 1.15972292321e-06 0.00107690432407
  19890 890 1.33274 2 2 -1.16872834822 -1.169432 4.95125822794e-07 0.000703651776658
  19891 891 1.3745 2 2 -1.16926883814 -1.16912 2.21527906512e-08 0.000148838135742
  19892 892 1.4183 2 2 -1.16892117867 -1.168588 1.11008028703e-07 0.000333178673842
  19893 893 1.44724 2 2 -1.16824308463 -1.1689 4.31537801536e-07 0.000656915368625
  19894 894 1.44562 2 2 -1.16844704513 -1.167411 1.07338951768e-06 0.00103604513303
  19895 895 1.41306 2 2 -1.16881973717 -1.169789 9.39470427418e-07 0.000969262826801
  19896 896 1.36268 2 2 -1.16925749464 -1.168414 7.11483203294e-07 0.000843494637383
  19897 897 1.32086 2 2 -1.16849796886 -1.169204 4.98479971714e-07 0.000706031140754
  19898 898 1.30502 2 2 -1.1682943166 -1.168226 4.66715804478e-09 6.83166015312e-05
  19899 899 1.3209 2 2 -1.16865646667 -1.168246 1.68482888959e-07 0.000410466672166
  19900 900 1.3579 2 2 -1.16907502046 -1.169963 7.88507666061e-07 0.000887979541466
  19901 901 1.4012 2 2 -1.16925793133 -1.168001 1.57987636447e-06 0.00125693132846
  19902 902 1.43796 2 2 -1.16837024864 -1.169304 8.71891607932e-07 0.000933751363015
  19903 903 1.44904 2 2 -1.16832895715 -1.167488 7.07208929141e-07 0.000840957150597
  19904 904 1.42808 2 2 -1.16859748505 -1.169005 1.66068438314e-07 0.000407514954713
  19905 905 1.38218 2 2 -1.16917263526 -1.169428 6.52111493477e-08 0.000255364737871
  19906 906 1.33504 2 2 -1.16890932152 -1.16843 2.29749122695e-07 0.000479321523297
  19907 907 1.3086 2 2 -1.16824667598 -1.169194 8.9742278968e-07 0.00094732401515
  19908 908 1.31186 2 2 -1.16856199766 -1.167321 1.54007519173e-06 0.00124099765984
  19909 909 1.34242 2 2 -1.16882377523 -1.169839 1.03068134251e-06 0.00101522477438
  19910 910 1.38426 2 2 -1.16929106113 -1.168571 5.1848803483e-07 0.000720061132703
  19911 911 1.42522 2 2 -1.16869561811 -1.168875 3.21778635016e-08 0.000179381892903
  19912 912 1.44756 2 2 -1.16825012557 -1.168566 9.97766528935e-08 0.00031587442583
  19913 913 1.43858 2 2 -1.16854735457 -1.167779 5.90368738102e-07 0.000768354565355
  19914 914 1.40106 2 2 -1.16894958964 -1.169944 9.8885196824e-07 0.000994410362094
  19915 915 1.35196 2 2 -1.16918157413 -1.1681 1.16980259062e-06 0.00108157412627
  19916 916 1.31638 2 2 -1.16834503365 -1.169348 1.00594149739e-06 0.00100296634908
  19917 917 1.30744 2 2 -1.16837612133 -1.167782 3.52980158259e-07 0.000594121332944
  19918 918 1.3288 2 2 -1.16869816887 -1.168848 2.24493684855e-08 0.000149831133232
  19919 919 1.36798 2 2 -1.16915514764 -1.169691 2.87137748851e-07 0.000535852357325
  19920 920 1.41008 2 2 -1.16910393517 -1.168072 1.06489018612e-06 0.00103193516566
  19921 921 1.44122 2 2 -1.16828999454 -1.169271 9.6237171326e-07 0.000981005460362
  19922 922 1.44482 2 2 -1.16844474853 -1.167282 1.35198414605e-06 0.00116274853087
  19923 923 1.4175 2 2 -1.16870335016 -1.169493 6.23546863374e-07 0.000789649835923
  19924 924 1.3701 2 2 -1.16918926596 -1.168948 5.82092619761e-08 0.000241265956936
  19925 925 1.32792 2 2 -1.16868723306 -1.168718 9.46604714229e-10 3.07669419057e-05
  19926 926 1.30844 2 2 -1.16826761493 -1.168904 4.04985951823e-07 0.000636385065682
  19927 927 1.31806 2 2 -1.16865353176 -1.167593 1.12472761286e-06 0.00106053175948
  19928 928 1.35146 2 2 -1.16891829681 -1.170045 1.2694600746e-06 0.00112670318833
  19929 929 1.39366 2 2 -1.16927061361 -1.168107 1.35399662952e-06 0.00116361360834
  19930 930 1.43182 2 2 -1.16848082111 -1.169118 4.05996942919e-07 0.000637178893969
  19931 931 1.44692 2 2 -1.16829058012 -1.168133 2.48314951515e-08 0.000157580122958
  19932 932 1.43014 2 2 -1.16863286089 -1.168323 9.60137684071e-08 0.000309860885571
  19933 933 1.38834 2 2 -1.16905200074 -1.169865 6.60967790433e-07 0.000812999256109
  19934 934 1.3422 2 2 -1.16904751947 -1.168042 1.01106940918e-06 0.0010055194723
  19935 935 1.31428 2 2 -1.16829085783 -1.169348 1.11754956497e-06 0.00105714216876
  19936 936 1.31162 2 2 -1.16848871111 -1.167475 1.02761021284e-06 0.00101371110916
  19937 937 1.33644 2 2 -1.16872853642 -1.169385 4.30944438375e-07 0.000656463584957
  19938 938 1.37656 2 2 -1.16920008059 -1.16922 3.96782862324e-10 1.99194091861e-05
  19939 939 1.41792 2 2 -1.16889856987 -1.168366 2.83630668837e-07 0.000532569872258
  19940 940 1.44428 2 2 -1.16824060502 -1.169063 6.76333504217e-07 0.000822394980661
  19941 941 1.44022 2 2 -1.1685417684 -1.167364 1.38713841351e-06 0.00117776840402
  19942 942 1.40654 2 2 -1.16882663418 -1.169821 9.88763391297e-07 0.000994365823677
  19943 943 1.35858 2 2 -1.16916659492 -1.168427 5.47000651402e-07 0.000739594923862
  19944 944 1.32196 2 2 -1.16848088004 -1.169054 3.28466493456e-07 0.000573119964279
  19945 945 1.31002 2 2 -1.16835100354 -1.168456 1.10242560285e-08 0.000104996457219
  19946 946 1.32568 2 2 -1.16872232631 -1.168126 3.55605064528e-07 0.00059632630709
  19947 947 1.36062 2 2 -1.16901734393 -1.170015 9.95317643496e-07 0.000997656074755
  19948 948 1.4011 2 2 -1.16921007614 -1.167856 1.83352218174e-06 0.00135407613587
  19949 949 1.43526 2 2 -1.16835691309 -1.169305 8.98868795476e-07 0.000948086913461
  19950 950 1.44484 2 2 -1.16836825598 -1.167664 4.95976485497e-07 0.000704255980093
  19951 951 1.42268 2 2 -1.16865843363 -1.168948 8.38486803236e-08 0.000289566366009
  19952 952 1.3775 2 2 -1.1691125216 -1.169531 1.75124170813e-07 0.000418478399458
  19953 953 1.33334 2 2 -1.16885788954 -1.168211 4.18466076538e-07 0.000646889539673
  19954 954 1.3117 2 2 -1.16825822477 -1.169272 1.02774022446e-06 0.0010137752337
  19955 955 1.31766 2 2 -1.16864731254 -1.167345 1.69601794926e-06 0.00130231253901
  19956 956 1.34688 2 2 -1.16881336023 -1.169822 1.01735417835e-06 0.00100863976639
  19957 957 1.38524 2 2 -1.16922230395 -1.168607 3.78598954137e-07 0.000615303952642
  19958 958 1.42284 2 2 -1.16869676109 -1.168756 3.50924797733e-09 5.92389059431e-05
  19959 959 1.4431 2 2 -1.16829285459 -1.168742 2.01731601203e-07 0.000449145412092
  19960 960 1.43322 2 2 -1.16862701633 -1.167701 8.57506247543e-07 0.000926016332223
  19961 961 1.39638 2 2 -1.1689109645 -1.169986 1.15570133363e-06 0.00107503550343
  19962 962 1.34884 2 2 -1.16909452332 -1.167998 1.20236339068e-06 0.00109652331972
  19963 963 1.3176 2 2 -1.16831269513 -1.169316 1.00662065781e-06 0.00100330486783
  19964 964 1.31308 2 2 -1.16845684444 -1.167971 2.36044818834e-07 0.000485844438924
  19965 965 1.3342 2 2 -1.16875711884 -1.16876 8.30106461494e-12 2.88115681887e-06
  19966 966 1.3703 2 2 -1.16909303542 -1.169747 4.27669676504e-07 0.000653964583524
  19967 967 1.40868 2 2 -1.16908070161 -1.167871 1.46337799676e-06 0.00120970161476
  19968 968 1.4375 2 2 -1.16829179716 -1.169362 1.14533412507e-06 0.00107020284295
  19969 969 1.43936 2 2 -1.16851419483 -1.167346 1.36467915776e-06 0.00116819482868
  19970 970 1.41196 2 2 -1.1687171831 -1.169502 6.15937560812e-07 0.00078481689636
  19971 971 1.3666 2 2 -1.16911333202 -1.169005 1.17358269244e-08 0.000108332021694
  19972 972 1.32698 2 2 -1.1686383681 -1.16853 1.17436460006e-08 0.000108368104167
  19973 973 1.31254 2 2 -1.16830335499 -1.169063 5.77060538696e-07 0.00075964500834
  19974 974 1.32474 2 2 -1.16875664098 -1.167514 1.54415660394e-06 0.0012426409795
  19975 975 1.35596 2 2 -1.16887721125 -1.170066 1.41321869983e-06 0.00118878875324
  19976 976 1.39358 2 2 -1.16920601659 -1.168056 1.32253815622e-06 0.00115001658954
  19977 977 1.42762 2 2 -1.1685008092 -1.169084 3.40111514477e-07 0.00058319080452
  19978 978 1.44108 2 2 -1.16836003477 -1.168335 6.26739920749e-10 2.503477423e-05
  19979 979 1.42468 2 2 -1.16869210741 -1.168232 2.11698832845e-07 0.000460107414465
  19980 980 1.38448 2 2 -1.16898564822 -1.169924 8.80504072208e-07 0.000938351784891
  19981 981 1.3399 2 2 -1.16896814832 -1.167842 1.26821004878e-06 0.0011261483245
  19982 982 1.31574 2 2 -1.1682463196 -1.16941 1.35415207542e-06 0.00116368040089
  19983 983 1.31798 2 2 -1.16858423702 -1.167601 9.66755029298e-07 0.00098323701583
  19984 984 1.34352 2 2 -1.16878211779 -1.169342 3.13468091083e-07 0.000559882211794
  19985 985 1.37932 2 2 -1.16913111328 -1.169263 1.73941070741e-08 0.000131886720613
  19986 986 1.41488 2 2 -1.16890209851 -1.168165 5.43314208538e-07 0.000737098506672
  19987 987 1.4377 2 2 -1.16830493647 -1.169222 8.41005511133e-07 0.000917063526225
  19988 988 1.43304 2 2 -1.16863208087 -1.16734 1.66947296245e-06 0.00129208086529
  19989 989 1.40118 2 2 -1.16878348999 -1.169861 1.16102781615e-06 0.00107751000745
  19990 990 1.35588 2 2 -1.16907104925 -1.16842 4.23865124804e-07 0.000651049249139
  19991 991 1.32236 2 2 -1.16843548707 -1.168921 2.35722804186e-07 0.000485512928959
  19992 992 1.3146 2 2 -1.16838619502 -1.168671 8.11138781973e-08 0.000284804982747
  19993 993 1.33304 2 2 -1.16882241871 -1.16801 6.60024159214e-07 0.000812418709296
  19994 994 1.3661 2 2 -1.16896142719 -1.170031 1.14398599565e-06 0.00106957280989
  19995 995 1.40108 2 2 -1.1691438282 -1.167725 2.01307345143e-06 0.00141882819659
  19996 996 1.43034 2 2 -1.16837581326 -1.169329 9.08564957167e-07 0.000953186737826
  19997 997 1.43672 2 2 -1.16847834018 -1.167862 3.79875222026e-07 0.000616340183686
  19998 998 1.41482 2 2 -1.1687199406 -1.168897 3.13500320009e-08 0.000177059402464
  19999 999 1.37342 2 2 -1.16902253035 -1.169575 3.05222719154e-07 0.00055246965451
