0 1.205032e-06    -722.820981    -722.819883
1 1.192449e-06    -722.820954    -722.819862
2 1.306201e-06    -722.820922    -722.819779
3 1.768021e-06    -722.821074    -722.819744
4 1.477820e-06    -722.821044    -722.819828
5 9.412863e-07    -722.821021    -722.820051
6 3.882678e-07    -722.821009    -722.820386
7 5.646120e-08    -722.821009    -722.820771
8 1.437305e-08    -722.821019    -722.821139
9 3.878305e-07    -722.820854    -722.821477
10 9.865469e-07    -722.820878    -722.821871
11 2.432169e-06    -722.820901    -722.822461
12 5.635887e-06    -722.820921    -722.823295
13 1.063505e-05    -722.820933    -722.824194
14 1.477816e-05    -722.820935    -722.824779
15 1.423830e-05    -722.820926    -722.824699
16 8.878350e-06    -722.820905    -722.823885
17 3.130902e-06    -722.820875    -722.822644
18 4.600047e-07    -722.820835    -722.821513
19 3.156898e-08    -722.820788    -722.820966
20 1.742816e-07    -722.820739    -722.821156
21 9.792990e-07    -722.820873    -722.821863
22 3.324056e-06    -722.820828    -722.822651
23 5.275279e-06    -722.820790    -722.823087
24 4.610120e-06    -722.820763    -722.822910
25 1.720158e-06    -722.820746    -722.822058
26 5.642246e-10    -722.820740    -722.820716
27 2.178824e-06    -722.820740    -722.819264
28 6.537360e-06    -722.820744    -722.818187
29 8.302022e-06    -722.820747    -722.817866
30 5.629836e-06    -722.820748    -722.818375
31 1.818470e-06    -722.820744    -722.819395
32 1.152193e-07    -722.820734    -722.820395
33 3.123343e-08    -722.820721    -722.820898
34 8.581762e-10    -722.820705    -722.820676
35 8.101536e-07    -722.820688    -722.819788
36 4.671555e-06    -722.820671    -722.818510
37 1.171737e-05    -722.820657    -722.817234
38 1.836231e-05    -722.820647    -722.816362
39 1.975349e-05    -722.820643    -722.816199
40 1.451432e-05    -722.820648    -722.816838
41 6.584002e-06    -722.820661    -722.818095
42 1.247660e-06    -722.820683    -722.819566
43 1.129100e-08    -722.820713    -722.820819
44 7.555430e-07    -722.820748    -722.821617
45 1.567938e-06    -722.820785    -722.822037
46 2.351840e-06    -722.820820    -722.822354
47 3.752811e-06    -722.820852    -722.822789
48 5.976392e-06    -722.820877    -722.823322
49 8.071907e-06    -722.820897    -722.823738
50 8.600629e-06    -722.820911    -722.823844
51 7.338160e-06    -722.820922    -722.823631
52 5.456837e-06    -722.820931    -722.823267
53 4.104696e-06    -722.820940    -722.822966
54 3.583328e-06    -722.820951    -722.822844
55 3.560706e-06    -722.820966    -722.822853
56 3.361922e-06    -722.820986    -722.822820
57 2.362193e-06    -722.821013    -722.822550
58 8.109151e-07    -722.821045    -722.821946
59 4.039096e-10    -722.821082    -722.821062
60 1.050542e-06    -722.821120    -722.820095
61 3.482682e-06    -722.821155    -722.819289
62 5.141869e-06    -722.821184    -722.818916
63 4.298637e-06    -722.821201    -722.819128
64 1.835944e-06    -722.821206    -722.819851
65 1.926218e-07    -722.821197    -722.820758
66 4.441982e-08    -722.821175    -722.821386
67 5.590697e-08    -722.821144    -722.821380
68 1.867007e-07    -722.821105    -722.820673
69 2.462863e-06    -722.821063    -722.819494
70 7.760890e-06    -722.821022    -722.818236
71 1.364484e-05    -722.820984    -722.817290
72 1.635062e-05    -722.820953    -722.816909
73 1.420910e-05    -722.820930    -722.817161
74 8.930177e-06    -722.820919    -722.817931
75 3.828502e-06    -722.820920    -722.818963
76 9.949584e-07    -722.820930    -722.819933
77 1.748968e-07    -722.820949    -722.820531
78 9.468587e-08    -722.820972    -722.820664
79 2.160800e-07    -722.820993    -722.820528
80 2.037121e-07    -722.821007    -722.820556
81 1.878797e-08    -722.821011    -722.821148
82 1.832720e-06    -722.821001    -722.822355
83 7.991398e-06    -722.820978    -722.823805
84 1.597260e-05    -722.820943    -722.824940
85 1.986110e-05    -722.820900    -722.825357
86 1.721498e-05    -722.820853    -722.825002
87 1.113640e-05    -722.820805    -722.824142
88 5.836101e-06    -722.820760    -722.823176
89 2.998222e-06    -722.820722    -722.822454
90 2.167469e-06    -722.820695    -722.822167
91 2.711228e-06    -722.820679    -722.822326
92 4.491764e-06    -722.820678    -722.822797
93 6.910761e-06    -722.820689    -722.823318
94 8.525121e-06    -722.820712    -722.823632
95 7.905506e-06    -722.820743    -722.823555
96 5.341861e-06    -722.820778    -722.823089
97 2.623921e-06    -722.820810    -722.822430
98 9.929844e-07    -722.820836    -722.821832
99 3.236060e-07    -722.820850    -722.821419
100 7.282303e-08    -722.820852    -722.821122
101 1.408205e-09    -722.820842    -722.820804
102 1.638688e-07    -722.820820    -722.820415
103 5.830858e-07    -722.820790    -722.820026
104 1.047107e-06    -722.820754    -722.819731
105 1.335713e-06    -722.820718    -722.819562
106 1.444916e-06    -722.820684    -722.819482
107 1.513366e-06    -722.820657    -722.819427
108 1.662931e-06    -722.820641    -722.819351
109 1.952948e-06    -722.820636    -722.819239
110 2.439700e-06    -722.820646    -722.819084
111 3.212355e-06    -722.820668    -722.818876
112 4.285766e-06    -722.820701    -722.818631
113 4.359646e-06    -722.820561    -722.818473
114 4.046517e-06    -722.820603    -722.818591
115 2.207925e-06    -722.820642    -722.819156
116 3.006734e-07    -722.820675    -722.820127
117 2.081254e-07    -722.820701    -722.821157
118 1.034813e-06    -722.820718    -722.821735
119 5.672227e-07    -722.820727    -722.821480
120 1.200836e-07    -722.820730    -722.820383
121 3.543938e-06    -722.820728    -722.818845
122 1.039371e-05    -722.820723    -722.817499
123 1.449363e-05    -722.820718    -722.816911
124 1.138706e-05    -722.820715    -722.817341
125 4.263314e-06    -722.820718    -722.818653
126 9.131549e-08    -722.820727    -722.820425
127 1.940280e-06    -722.820745    -722.822138
128 6.741603e-06    -722.820772    -722.823368
129 9.645373e-06    -722.820805    -722.823911
130 8.930376e-06    -722.820844    -722.823832
131 6.528750e-06    -722.820883    -722.823438
132 4.950070e-06    -722.820919    -722.823144
133 5.266000e-06    -722.820949    -722.823244
134 7.743656e-06    -722.820971    -722.823754
135 1.181402e-05    -722.820985    -722.824422
136 1.542239e-05    -722.820991    -722.824918
137 1.622514e-05    -722.820991    -722.825019
138 1.363746e-05    -722.820987    -722.824680
139 9.094006e-06    -722.820981    -722.823997
140 4.640790e-06    -722.820976    -722.823130
141 1.692448e-06    -722.820972    -722.822273
142 4.319290e-07    -722.820972    -722.821629
143 1.584831e-07    -722.820976    -722.821374
144 3.345313e-07    -722.820985    -722.821563
145 1.157314e-06    -722.820997    -722.822073
146 2.666774e-06    -722.821012    -722.822645
147 4.079520e-06    -722.821026    -722.823046
148 4.801831e-06    -722.821037    -722.823228
149 5.220328e-06    -722.821040    -722.823325
150 6.010564e-06    -722.821034    -722.823486
151 7.170611e-06    -722.821018    -722.823696
152 7.776855e-06    -722.820992    -722.823781
153 6.846323e-06    -722.820958    -722.823575
154 4.690708e-06    -722.820919    -722.823085
155 2.701525e-06    -722.820877    -722.822521
156 1.795936e-06    -722.820836    -722.822176
157 2.185815e-06    -722.820798    -722.822276
158 4.384746e-06    -722.820765    -722.822859
159 9.105443e-06    -722.820740    -722.823758
160 1.559990e-05    -722.820725    -722.824675
161 2.097770e-05    -722.820720    -722.825300
162 2.224079e-05    -722.820723    -722.825439
163 1.902506e-05    -722.820732    -722.825094
164 1.392076e-05    -722.820744    -722.824475
165 1.000511e-05    -722.820754    -722.823917
166 8.754911e-06    -722.820758    -722.823717
167 1.027384e-05    -722.820754    -722.823959
168 1.358260e-05    -722.820740    -722.824425
169 1.593314e-05    -722.820716    -722.824708
170 1.420956e-05    -722.820686    -722.824456
171 8.579660e-06    -722.820653    -722.823582
172 2.838788e-06    -722.820619    -722.822304
173 1.861889e-07    -722.820589    -722.821020
174 1.833240e-07    -722.820564    -722.820136
175 4.057266e-07    -722.820549    -722.819912
176 2.260050e-08    -722.820545    -722.820395
177 7.586253e-07    -722.820555    -722.821426
178 4.465952e-06    -722.820579    -722.822692
179 1.015790e-05    -722.820616    -722.823803
180 1.395602e-05    -722.820664    -722.824400
181 1.266615e-05    -722.820720    -722.824279
182 7.677164e-06    -722.820778    -722.823549
183 3.236019e-06    -722.820833    -722.822632
184 1.405481e-06    -722.820879    -722.822065
185 1.563450e-06    -722.820914    -722.822164
186 3.455912e-06    -722.820934    -722.822793
187 6.319470e-06    -722.820941    -722.823455
188 7.149045e-06    -722.820937    -722.823611
189 4.258874e-06    -722.820925    -722.822989
190 6.134978e-07    -722.820909    -722.821692
191 6.272643e-07    -722.820891    -722.820099
192 4.868163e-06    -722.820875    -722.818669
193 9.634362e-06    -722.820865    -722.817761
194 1.100304e-05    -722.820862    -722.817545
195 8.343204e-06    -722.820868    -722.817980
196 4.082159e-06    -722.820884    -722.818864
197 1.030005e-06    -722.820909    -722.819894
198 2.468930e-08    -722.820939    -722.820782
199 1.705243e-07    -722.820971    -722.821384

0 2.283777e-06    -722.821394    -722.819883
1 2.266441e-06    -722.821367    -722.819862
2 2.422284e-06    -722.821335    -722.819779
3 3.038561e-06    -722.821487    -722.819744
4 2.654076e-06    -722.821457    -722.819828
5 1.914560e-06    -722.821435    -722.820051
6 1.074516e-06    -722.821423    -722.820386
7 4.239221e-07    -722.821422    -722.820771
8 8.619490e-08    -722.821433    -722.821139
9 4.379948e-08    -722.821268    -722.821477
10 3.361373e-07    -722.821291    -722.821871
11 1.313463e-06    -722.821315    -722.822461
12 3.843658e-06    -722.821334    -722.823295
13 8.109195e-06    -722.821346    -722.824194
14 1.177011e-05    -722.821348    -722.824779
15 1.128886e-05    -722.821339    -722.824699
16 6.585274e-06    -722.821319    -722.823885
17 1.838623e-06    -722.821288    -722.822644
18 7.009749e-08    -722.821248    -722.821513
19 5.560186e-08    -722.821202    -722.820966
20 1.594746e-11    -722.821152    -722.821156
21 3.319122e-07    -722.821287    -722.821863
22 1.987317e-06    -722.821241    -722.822651
23 3.546896e-06    -722.821204    -722.823087
24 3.005514e-06    -722.821176    -722.822910
25 8.065312e-07    -722.821160    -722.822058
26 1.911705e-07    -722.821153    -722.820716
27 3.570441e-06    -722.821154    -722.819264
28 8.822701e-06    -722.821157    -722.818187
29 1.085571e-05    -722.821161    -722.817866
30 7.762936e-06    -722.821161    -722.818375
31 3.104586e-06    -722.821157    -722.819395
32 5.668837e-07    -722.821148    -722.820395
33 5.604926e-08    -722.821135    -722.820898
34 1.960468e-07    -722.821119    -722.820676
35 1.725446e-06    -722.821102    -722.819788
36 6.629879e-06    -722.821085    -722.818510
37 1.471905e-05    -722.821071    -722.817234
38 2.207687e-05    -722.821061    -722.816362
39 2.359985e-05    -722.821057    -722.816199
40 1.783579e-05    -722.821061    -722.816838
41 8.876873e-06    -722.821074    -722.818095
42 2.342320e-06    -722.821096    -722.819566
43 9.438289e-08    -722.821126    -722.820819
44 2.077014e-07    -722.821161    -722.821617
45 7.034114e-07    -722.821198    -722.822037
46 1.254610e-06    -722.821234    -722.822354
47 2.321784e-06    -722.821265    -722.822789
48 4.125728e-06    -722.821291    -722.823322
49 5.893402e-06    -722.821310    -722.823738
50 6.346397e-06    -722.821325    -722.823844
51 5.268983e-06    -722.821336    -722.823631
52 3.696045e-06    -722.821344    -722.823267
53 2.600245e-06    -722.821353    -722.822966
54 2.188893e-06    -722.821365    -722.822844
55 2.171220e-06    -722.821379    -722.822853
56 2.016619e-06    -722.821400    -722.822820
57 1.262175e-06    -722.821427    -722.822550
58 2.371991e-07    -722.821459    -722.821946
59 1.879872e-07    -722.821496    -722.821062
60 2.069101e-06    -722.821533    -722.820095
61 5.196904e-06    -722.821569    -722.819289
62 7.188009e-06    -722.821597    -722.818916
63 6.184139e-06    -722.821615    -722.819128
64 3.127407e-06    -722.821619    -722.819851
65 7.265251e-07    -722.821610    -722.820758
66 4.109431e-08    -722.821589    -722.821386
67 3.133992e-08    -722.821557    -722.821380
68 7.149821e-07    -722.821519    -722.820673
69 3.931609e-06    -722.821477    -722.819494
70 1.023561e-05    -722.821435    -722.818236
71 1.687048e-05    -722.821397    -722.817290
72 1.986545e-05    -722.821366    -722.816909
73 1.749726e-05    -722.821344    -722.817161
74 1.157236e-05    -722.821333    -722.817931
75 5.617530e-06    -722.821333    -722.818963
76 1.990789e-06    -722.821344    -722.819933
77 6.916982e-07    -722.821363    -722.820531
78 5.201121e-07    -722.821385    -722.820664
79 7.714485e-07    -722.821406    -722.820528
80 7.479172e-07    -722.821421    -722.820556
81 7.640143e-08    -722.821424    -722.821148
82 8.841689e-07    -722.821415    -722.822355
83 5.824639e-06    -722.821392    -722.823805
84 1.283858e-05    -722.821357    -722.824940
85 1.634668e-05    -722.821314    -722.825357
86 1.395483e-05    -722.821266    -722.825002
87 8.547718e-06    -722.821218    -722.824142
88 4.009306e-06    -722.821174    -722.823176
89 1.737283e-06    -722.821136    -722.822454
90 1.120963e-06    -722.821108    -722.822167
91 1.520544e-06    -722.821093    -722.822326
92 2.910099e-06    -722.821091    -722.822797
93 4.907800e-06    -722.821103    -722.823318
94 6.281559e-06    -722.821126    -722.823632
95 5.751344e-06    -722.821157    -722.823555
96 3.601529e-06    -722.821191    -722.823089
97 1.455340e-06    -722.821224    -722.822430
98 3.398993e-07    -722.821249    -722.821832
99 2.414499e-08    -722.821264    -722.821419
100 2.062664e-08    -722.821266    -722.821122
101 2.034039e-07    -722.821255    -722.820804
102 6.695893e-07    -722.821233    -722.820415
103 1.385512e-06    -722.821203    -722.820026
104 2.064278e-06    -722.821168    -722.819731
105 2.462412e-06    -722.821131    -722.819562
106 2.609917e-06    -722.821098    -722.819482
107 2.701640e-06    -722.821071    -722.819427
108 2.900290e-06    -722.821054    -722.819351
109 3.279562e-06    -722.821050    -722.819239
110 3.902328e-06    -722.821059    -722.819084
111 4.865471e-06    -722.821082    -722.818876
112 6.168697e-06    -722.821115    -722.818631
113 6.257270e-06    -722.820974    -722.818473
114 5.880978e-06    -722.821016    -722.818591
115 3.607667e-06    -722.821055    -722.819156
116 9.250862e-07    -722.821089    -722.820127
117 1.825901e-09    -722.821114    -722.821157
118 3.645510e-07    -722.821131    -722.821735
119 1.153722e-07    -722.821140    -722.821480
120 5.776120e-07    -722.821143    -722.820383
121 5.271671e-06    -722.821141    -722.818845
122 1.323071e-05    -722.821136    -722.817499
123 1.781285e-05    -722.821132    -722.816911
124 1.434856e-05    -722.821129    -722.817341
125 6.141755e-06    -722.821131    -722.818653
126 5.121715e-07    -722.821141    -722.820425
127 9.593463e-07    -722.821159    -722.822138
128 4.765413e-06    -722.821185    -722.823368
129 7.248064e-06    -722.821219    -722.823911
130 6.630091e-06    -722.821257    -722.823832
131 4.586728e-06    -722.821296    -722.823438
132 3.281163e-06    -722.821333    -722.823144
133 3.539288e-06    -722.821363    -722.823244
134 5.613418e-06    -722.821385    -722.823754
135 9.142611e-06    -722.821398    -722.824422
136 1.234579e-05    -722.821404    -722.824918
137 1.306510e-05    -722.821404    -722.825019
138 1.075457e-05    -722.821401    -722.824680
139 6.771183e-06    -722.821395    -722.823997
140 3.030288e-06    -722.821389    -722.823130
141 7.875920e-07    -722.821386    -722.822273
142 5.940716e-08    -722.821385    -722.821629
143 2.364785e-10    -722.821389    -722.821374
144 2.719516e-08    -722.821398    -722.821563
145 4.386517e-07    -722.821411    -722.822073
146 1.487299e-06    -722.821425    -722.822645
147 2.580215e-06    -722.821440    -722.823046
148 3.160682e-06    -722.821450    -722.823228
149 3.501863e-06    -722.821454    -722.823325
150 4.154128e-06    -722.821448    -722.823486
151 5.127156e-06    -722.821432    -722.823696
152 5.641689e-06    -722.821406    -722.823781
153 4.853521e-06    -722.821372    -722.823575
154 3.070650e-06    -722.821333    -722.823085
155 1.513280e-06    -722.821291    -722.822521
156 8.586767e-07    -722.821249    -722.822176
157 1.134168e-06    -722.821211    -722.822276
158 2.824085e-06    -722.821178    -722.822859
159 6.781053e-06    -722.821154    -722.823758
160 1.250467e-05    -722.821139    -722.824675
161 1.736110e-05    -722.821133    -722.825300
162 1.851183e-05    -722.821136    -722.825439
163 1.558904e-05    -722.821146    -722.825094
164 1.100631e-05    -722.821157    -722.824475
165 7.560345e-06    -722.821167    -722.823917
166 6.479025e-06    -722.821172    -722.823717
167 7.794183e-06    -722.821167    -722.823959
168 1.070586e-05    -722.821153    -722.824425
169 1.280320e-05    -722.821130    -722.824708
170 1.126327e-05    -722.821100    -722.824456
171 6.328388e-06    -722.821066    -722.823582
172 1.616441e-06    -722.821033    -722.822304
173 3.246933e-10    -722.821002    -722.821020
174 7.083587e-07    -722.820978    -722.820136
175 1.103432e-06    -722.820962    -722.819912
176 3.178834e-07    -722.820959    -722.820395
177 2.093191e-07    -722.820968    -722.821426
178 2.889330e-06    -722.820992    -722.822692
179 7.693241e-06    -722.821029    -722.823803
180 1.103766e-05    -722.821078    -722.824400
181 9.894019e-06    -722.821134    -722.824279
182 5.556827e-06    -722.821192    -722.823549
183 1.919379e-06    -722.821247    -722.822632
184 5.960653e-07    -722.821293    -722.822065
185 7.004060e-07    -722.821327    -722.822164
186 2.089560e-06    -722.821347    -722.822793
187 4.411589e-06    -722.821355    -722.823455
188 5.108923e-06    -722.821351    -722.823611
189 2.723249e-06    -722.821339    -722.822989
190 1.367401e-07    -722.821322    -722.821692
191 1.453176e-06    -722.821304    -722.820099
192 6.863711e-06    -722.821289    -722.818669
193 1.237213e-05    -722.821278    -722.817761
194 1.391708e-05    -722.821276    -722.817545
195 1.090279e-05    -722.821282    -722.817980
196 5.923930e-06    -722.821298    -722.818864
197 2.040237e-06    -722.821322    -722.819894
198 3.255907e-07    -722.821353    -722.820782
199 2.824021e-13    -722.821385    -722.821384

0 2.782168e-06    -722.821551    -722.819883
1 2.763030e-06    -722.821524    -722.819862
2 2.934831e-06    -722.821492    -722.819779
3 3.609669e-06    -722.821644    -722.819744
4 3.189438e-06    -722.821614    -722.819828
5 2.372963e-06    -722.821591    -722.820051
6 1.424096e-06    -722.821579    -722.820386
7 6.526364e-07    -722.821579    -722.820771
8 2.028204e-07    -722.821589    -722.821139
9 2.758050e-09    -722.821424    -722.821477
10 1.789352e-07    -722.821448    -722.821871
11 9.787101e-07    -722.821472    -722.822461
12 3.253546e-06    -722.821491    -722.823295
13 7.240935e-06    -722.821503    -722.824194
14 1.071903e-05    -722.821505    -722.824779
15 1.026000e-05    -722.821496    -722.824699
16 5.805269e-06    -722.821476    -722.823885
17 1.438062e-06    -722.821445    -722.822644
18 1.166253e-08    -722.821405    -722.821513
19 1.541085e-07    -722.821359    -722.820966
20 2.333949e-08    -722.821309    -722.821156
21 1.758562e-07    -722.821444    -722.821863
22 1.569899e-06    -722.821398    -722.822651
23 2.980990e-06    -722.821360    -722.823087
24 2.486537e-06    -722.821333    -722.822910
25 5.495326e-07    -722.821317    -722.822058
26 3.528320e-07    -722.821310    -722.820716
27 4.187455e-06    -722.821310    -722.819264
28 9.778563e-06    -722.821314    -722.818187
29 1.191331e-05    -722.821318    -722.817866
30 8.661077e-06    -722.821318    -722.818375
31 3.681600e-06    -722.821314    -722.819395
32 8.275229e-07    -722.821305    -722.820395
33 1.548528e-07    -722.821292    -722.820898
34 3.594456e-07    -722.821276    -722.820676
35 2.161866e-06    -722.821258    -722.819788
36 7.461754e-06    -722.821242    -722.818510
37 1.594650e-05    -722.821227    -722.817234
38 2.357461e-05    -722.821217    -722.816362
39 2.514755e-05    -722.821214    -722.816199
40 1.918448e-05    -722.821218    -722.816838
41 9.835589e-06    -722.821231    -722.818095
42 2.846746e-06    -722.821253    -722.819566
43 2.152812e-07    -722.821283    -722.820819
44 8.938698e-08    -722.821318    -722.821617
45 4.650287e-07    -722.821355    -722.822037
46 9.280005e-07    -722.821391    -722.822354
47 1.868618e-06    -722.821422    -722.822789
48 3.513460e-06    -722.821448    -722.823322
49 5.156836e-06    -722.821467    -722.823738
50 5.581120e-06    -722.821482    -722.823844
51 4.573869e-06    -722.821492    -722.823631
52 3.117851e-06    -722.821501    -722.823267
53 2.119241e-06    -722.821510    -722.822966
54 1.749600e-06    -722.821521    -722.822844
55 1.733804e-06    -722.821536    -722.822853
56 1.595954e-06    -722.821557    -722.822820
57 9.345077e-07    -722.821583    -722.822550
58 1.090748e-07    -722.821616    -722.821946
59 3.485026e-07    -722.821652    -722.821062
60 2.544673e-06    -722.821690    -722.820095
61 5.936231e-06    -722.821725    -722.819289
62 8.053180e-06    -722.821754    -722.818916
63 6.988405e-06    -722.821772    -722.819128
64 3.706449e-06    -722.821776    -722.819851
65 1.018345e-06    -722.821767    -722.820758
66 1.292284e-07    -722.821745    -722.821386
67 1.114205e-07    -722.821714    -722.821380
68 1.004670e-06    -722.821675    -722.820673
69 4.577866e-06    -722.821634    -722.819494
70 1.126328e-05    -722.821592    -722.818236
71 1.818285e-05    -722.821554    -722.817290
72 2.128746e-05    -722.821523    -722.816909
73 1.883334e-05    -722.821501    -722.817161
74 1.266352e-05    -722.821490    -722.817931
75 6.385219e-06    -722.821490    -722.818963
76 2.457744e-06    -722.821501    -722.819933
77 9.770336e-07    -722.821519    -722.820531
78 7.708035e-07    -722.821542    -722.820664
79 1.071406e-06    -722.821563    -722.820528
80 1.043642e-06    -722.821578    -722.820556
81 1.876400e-07    -722.821581    -722.821148
82 6.139292e-07    -722.821571    -722.822355
83 5.092527e-06    -722.821548    -722.823805
84 1.173973e-05    -722.821514    -722.824940
85 1.510361e-05    -722.821471    -722.825357
86 1.280817e-05    -722.821423    -722.825002
87 7.655636e-06    -722.821375    -722.824142
88 3.406089e-06    -722.821330    -722.823176
89 1.348605e-06    -722.821293    -722.822454
90 8.135851e-07    -722.821265    -722.822167
91 1.158502e-06    -722.821250    -722.822326
92 2.399820e-06    -722.821248    -722.822797
93 4.237791e-06    -722.821259    -722.823318
94 5.520328e-06    -722.821282    -722.823632
95 5.024008e-06    -722.821314    -722.823555
96 3.031093e-06    -722.821348    -722.823089
97 1.101679e-06    -722.821380    -722.822430
98 1.816828e-07    -722.821406    -722.821832
99 1.903219e-12    -722.821420    -722.821419
100 9.023170e-08    -722.821422    -722.821122
101 3.693836e-07    -722.821412    -722.820804
102 9.507234e-07    -722.821390    -722.820415
103 1.779139e-06    -722.821360    -722.820026
104 2.539323e-06    -722.821325    -722.819731
105 2.978985e-06    -722.821288    -722.819562
106 3.141011e-06    -722.821254    -722.819482
107 3.241558e-06    -722.821227    -722.819427
108 3.458818e-06    -722.821211    -722.819351
109 3.871930e-06    -722.821207    -722.819239
110 4.546264e-06    -722.821216    -722.819084
111 5.581630e-06    -722.821239    -722.818876
112 6.971988e-06    -722.821271    -722.818631
113 7.066131e-06    -722.821131    -722.818473
114 6.665891e-06    -722.821173    -722.818591
115 4.227761e-06    -722.821212    -722.819156
116 1.251221e-06    -722.821246    -722.820127
117 1.300410e-08    -722.821271    -722.821157
118 1.998220e-07    -722.821288    -722.821735
119 3.345195e-08    -722.821297    -722.821480
120 8.404745e-07    -722.821300    -722.820383
121 6.016120e-06    -722.821298    -722.818845
122 1.439573e-05    -722.821293    -722.817499
123 1.916070e-05    -722.821288    -722.816911
124 1.556077e-05    -722.821286    -722.817341
125 6.943343e-06    -722.821288    -722.818653
126 7.611300e-07    -722.821297    -722.820425
127 6.768289e-07    -722.821315    -722.822138
128 4.105553e-06    -722.821342    -722.823368
129 6.428541e-06    -722.821376    -722.823911
130 5.847354e-06    -722.821414    -722.823832
131 3.939822e-06    -722.821453    -722.823438
132 2.737807e-06    -722.821489    -722.823144
133 2.974015e-06    -722.821519    -722.823244
134 4.895152e-06    -722.821542    -722.823754
135 8.219167e-06    -722.821555    -722.824422
136 1.126872e-05    -722.821561    -722.824918
137 1.195639e-05    -722.821561    -722.825019
138 9.750946e-06    -722.821557    -722.824680
139 5.979900e-06    -722.821552    -722.823997
140 2.509075e-06    -722.821546    -722.823130
141 5.339190e-07    -722.821542    -722.822273
142 7.563724e-09    -722.821542    -722.821629
143 2.963356e-08    -722.821546    -722.821374
144 6.631474e-11    -722.821555    -722.821563
145 2.555724e-07    -722.821567    -722.822073
146 1.129507e-06    -722.821582    -722.822645
147 2.101162e-06    -722.821596    -722.823046
148 2.627850e-06    -722.821607    -722.823228
149 2.939717e-06    -722.821610    -722.823325
150 3.539672e-06    -722.821605    -722.823486
151 4.441793e-06    -722.821588    -722.823696
152 4.921555e-06    -722.821563    -722.823781
153 4.187363e-06    -722.821529    -722.823575
154 2.545815e-06    -722.821489    -722.823085
155 1.152162e-06    -722.821448    -722.822521
156 5.927183e-07    -722.821406    -722.822176
157 8.248402e-07    -722.821368    -722.822276
158 2.321769e-06    -722.821335    -722.822859
159 5.989177e-06    -722.821311    -722.823758
160 1.142053e-05    -722.821296    -722.824675
161 1.607929e-05    -722.821290    -722.825300
162 1.718742e-05    -722.821293    -722.825439
163 1.437569e-05    -722.821302    -722.825094
164 9.990720e-06    -722.821314    -722.824475
165 6.722830e-06    -722.821324    -722.823917
166 5.705538e-06    -722.821328    -722.823717
167 6.943438e-06    -722.821324    -722.823959
168 9.704560e-06    -722.821310    -722.824425
169 1.170591e-05    -722.821287    -722.824708
170 1.023561e-05    -722.821257    -722.824456
171 5.564233e-06    -722.821223    -722.823582
172 1.242394e-06    -722.821189    -722.822304
173 1.925067e-08    -722.821159    -722.821020
174 9.968155e-07    -722.821134    -722.820136
175 1.457355e-06    -722.821119    -722.819912
176 5.192320e-07    -722.821116    -722.820395
177 9.044939e-08    -722.821125    -722.821426
178 2.380963e-06    -722.821149    -722.822692
179 6.848182e-06    -722.821186    -722.823803
180 1.002059e-05    -722.821234    -722.824400
181 8.932387e-06    -722.821290    -722.824279
182 4.842316e-06    -722.821348    -722.823549
183 1.509582e-06    -722.821403    -722.822632
184 3.785775e-07    -722.821450    -722.822065
185 4.625857e-07    -722.821484    -722.822164
186 1.660915e-06    -722.821504    -722.822793
187 3.777628e-06    -722.821511    -722.823455
188 4.424824e-06    -722.821507    -722.823611
189 2.230425e-06    -722.821496    -722.822989
190 4.537654e-08    -722.821479    -722.821692
191 1.855707e-06    -722.821461    -722.820099
192 7.709700e-06    -722.821446    -722.818669
193 1.349953e-05    -722.821435    -722.817761
194 1.511130e-05    -722.821432    -722.817545
195 1.196263e-05    -722.821439    -722.817980
196 6.711616e-06    -722.821455    -722.818864
197 2.512652e-06    -722.821479    -722.819894
198 5.290695e-07    -722.821509    -722.820782
199 2.474253e-08    -722.821541    -722.821384

0 2.983978e-06    -722.821610    -722.819883
1 2.964157e-06    -722.821584    -722.819862
2 3.142009e-06    -722.821552    -722.819779
3 3.839050e-06    -722.821703    -722.819744
4 3.405266e-06    -722.821673    -722.819828
5 2.559613e-06    -722.821651    -722.820051
6 1.569486e-06    -722.821639    -722.820386
7 7.522017e-07    -722.821638    -722.820771
8 2.598882e-07    -722.821649    -722.821139
9 4.787676e-11    -722.821484    -722.821477
10 1.321838e-07    -722.821507    -722.821871
11 8.646422e-07    -722.821531    -722.822461
12 3.042661e-06    -722.821551    -722.823295
13 6.924593e-06    -722.821563    -722.824194
14 1.033338e-05    -722.821564    -722.824779
15 9.882772e-06    -722.821555    -722.824699
16 5.522388e-06    -722.821535    -722.823885
17 1.299043e-06    -722.821504    -722.822644
18 2.357758e-09    -722.821464    -722.821513
19 2.043067e-07    -722.821418    -722.820966
20 4.503270e-08    -722.821368    -722.821156
21 1.295393e-07    -722.821503    -722.821863
22 1.424489e-06    -722.821457    -722.822651
23 2.779282e-06    -722.821420    -722.823087
24 2.302622e-06    -722.821393    -722.822910
25 4.649443e-07    -722.821376    -722.822058
26 4.269747e-07    -722.821369    -722.820716
27 4.434240e-06    -722.821370    -722.819264
28 1.015382e-05    -722.821374    -722.818187
29 1.232714e-05    -722.821377    -722.817866
30 9.014449e-06    -722.821377    -722.818375
31 3.913220e-06    -722.821373    -722.819395
32 9.391922e-07    -722.821364    -722.820395
33 2.051635e-07    -722.821351    -722.820898
34 4.342470e-07    -722.821335    -722.820676
35 2.340181e-06    -722.821318    -722.819788
36 7.790003e-06    -722.821301    -722.818510
37 1.642473e-05    -722.821287    -722.817234
38 2.415532e-05    -722.821277    -722.816362
39 2.574720e-05    -722.821273    -722.816199
40 1.970868e-05    -722.821277    -722.816838
41 1.021193e-05    -722.821291    -722.818095
42 3.050844e-06    -722.821313    -722.819566
43 2.739690e-07    -722.821342    -722.820819
44 5.737947e-08    -722.821377    -722.821617
45 3.874984e-07    -722.821415    -722.822037
46 8.170196e-07    -722.821450    -722.822354
47 1.709655e-06    -722.821481    -722.822789
48 3.294175e-06    -722.821507    -722.823322
49 4.890425e-06    -722.821527    -722.823738
50 5.303823e-06    -722.821541    -722.823844
51 4.323172e-06    -722.821552    -722.823631
52 2.911485e-06    -722.821561    -722.823267
53 1.949723e-06    -722.821570    -722.822966
54 1.595897e-06    -722.821581    -722.822844
55 1.580812e-06    -722.821596    -722.822853
56 1.449314e-06    -722.821616    -722.822820
57 8.231260e-07    -722.821643    -722.822550
58 7.334794e-08    -722.821675    -722.821946
59 4.222108e-07    -722.821712    -722.821062
60 2.737832e-06    -722.821750    -722.820095
61 6.229390e-06    -722.821785    -722.819289
62 8.394052e-06    -722.821813    -722.818916
63 7.306185e-06    -722.821831    -722.819128
64 3.938837e-06    -722.821836    -722.819851
65 1.141836e-06    -722.821827    -722.820758
66 1.754940e-07    -722.821805    -722.821386
67 1.546326e-07    -722.821773    -722.821380
68 1.127353e-06    -722.821735    -722.820673
69 4.835738e-06    -722.821693    -722.819494
70 1.166576e-05    -722.821652    -722.818236
71 1.869328e-05    -722.821614    -722.817290
72 2.183946e-05    -722.821582    -722.816909
73 1.935275e-05    -722.821560    -722.817161
74 1.309007e-05    -722.821549    -722.817931
75 6.689132e-06    -722.821549    -722.818963
76 2.647636e-06    -722.821560    -722.819933
77 1.098066e-06    -722.821579    -722.820531
78 8.787011e-07    -722.821601    -722.820664
79 1.197983e-06    -722.821623    -722.820528
80 1.168614e-06    -722.821637    -722.820556
81 2.426653e-07    -722.821641    -722.821148
82 5.243207e-07    -722.821631    -722.822355
83 4.827803e-06    -722.821608    -722.823805
84 1.133597e-05    -722.821573    -722.824940
85 1.464516e-05    -722.821530    -722.825357
86 1.238627e-05    -722.821483    -722.825002
87 7.330261e-06    -722.821435    -722.824142
88 3.190234e-06    -722.821390    -722.823176
89 1.214091e-06    -722.821352    -722.822454
90 7.098957e-07    -722.821324    -722.822167
91 1.034088e-06    -722.821309    -722.822326
92 2.219202e-06    -722.821307    -722.822797
93 3.996613e-06    -722.821319    -722.823318
94 5.244564e-06    -722.821342    -722.823632
95 4.761096e-06    -722.821373    -722.823555
96 2.827667e-06    -722.821407    -722.823089
97 9.804412e-07    -722.821440    -722.822430
98 1.345468e-07    -722.821465    -722.821832
99 3.698588e-09    -722.821480    -722.821419
100 1.294721e-07    -722.821482    -722.821122
101 4.451636e-07    -722.821471    -722.820804
102 1.070163e-06    -722.821449    -722.820415
103 1.941230e-06    -722.821419    -722.820026
104 2.732283e-06    -722.821384    -722.819731
105 3.187689e-06    -722.821347    -722.819562
106 3.355221e-06    -722.821314    -722.819482
107 3.459113e-06    -722.821287    -722.819427
108 3.683429e-06    -722.821270    -722.819351
109 4.109372e-06    -722.821266    -722.819239
110 4.803257e-06    -722.821276    -722.819084
111 5.866006e-06    -722.821298    -722.818876
112 7.289399e-06    -722.821331    -722.818631
113 7.385654e-06    -722.821191    -722.818473
114 6.976334e-06    -722.821232    -722.818591
115 4.475714e-06    -722.821272    -722.819156
116 1.387723e-06    -722.821305    -722.820127
117 3.009251e-08    -722.821330    -722.821157
118 1.502168e-07    -722.821347    -722.821735
119 1.524295e-08    -722.821357    -722.821480
120 9.529867e-07    -722.821359    -722.820383
121 6.311222e-06    -722.821357    -722.818845
122 1.485029e-05    -722.821353    -722.817499
123 1.968457e-05    -722.821348    -722.816911
124 1.603323e-05    -722.821345    -722.817341
125 7.260109e-06    -722.821347    -722.818653
126 8.683707e-07    -722.821357    -722.820425
127 5.825654e-07    -722.821375    -722.822138
128 3.868224e-06    -722.821401    -722.823368
129 6.130677e-06    -722.821435    -722.823911
130 5.563436e-06    -722.821473    -722.823832
131 3.707404e-06    -722.821513    -722.823438
132 2.544649e-06    -722.821549    -722.823144
133 2.772548e-06    -722.821579    -722.823244
134 4.635679e-06    -722.821601    -722.823754
135 7.881902e-06    -722.821615    -722.824422
136 1.087321e-05    -722.821621    -722.824918
137 1.154888e-05    -722.821621    -722.825019
138 9.383280e-06    -722.821617    -722.824680
139 5.692743e-06    -722.821611    -722.823997
140 2.324312e-06    -722.821605    -722.823130
141 4.505916e-07    -722.821602    -722.822273
142 7.580781e-10    -722.821601    -722.821629
143 5.362952e-08    -722.821606    -722.821374
144 2.630979e-09    -722.821614    -722.821563
145 1.990099e-07    -722.821627    -722.822073
146 1.006704e-06    -722.821642    -722.822645
147 1.932384e-06    -722.821656    -722.823046
148 2.438682e-06    -722.821666    -722.823228
149 2.739435e-06    -722.821670    -722.823325
150 3.319557e-06    -722.821664    -722.823486
151 4.194795e-06    -722.821648    -722.823696
152 4.661374e-06    -722.821622    -722.823781
153 3.947645e-06    -722.821588    -722.823575
154 2.359678e-06    -722.821549    -722.823085
155 1.028098e-06    -722.821507    -722.822521
156 5.047329e-07    -722.821466    -722.822176
157 7.204118e-07    -722.821427    -722.822276
158 2.144171e-06    -722.821395    -722.822859
159 5.701794e-06    -722.821370    -722.823758
160 1.102234e-05    -722.821355    -722.824675
161 1.560615e-05    -722.821350    -722.825300
162 1.669813e-05    -722.821353    -722.825439
163 1.392852e-05    -722.821362    -722.825094
164 9.618519e-06    -722.821374    -722.824475
165 6.418144e-06    -722.821384    -722.823917
166 5.425128e-06    -722.821388    -722.823717
167 6.633736e-06    -722.821383    -722.823959
168 9.337778e-06    -722.821369    -722.824425
169 1.130273e-05    -722.821346    -722.824708
170 9.858833e-06    -722.821316    -722.824456
171 5.287361e-06    -722.821283    -722.823582
172 1.113428e-06    -722.821249    -722.822304
173 3.927658e-08    -722.821218    -722.821020
174 1.119032e-06    -722.821194    -722.820136
175 1.604392e-06    -722.821179    -722.819912
176 6.084217e-07    -722.821175    -722.820395
177 5.823131e-08    -722.821185    -722.821426
178 2.201071e-06    -722.821208    -722.822692
179 6.540636e-06    -722.821246    -722.823803
180 9.647830e-06    -722.821294    -722.824400
181 8.580643e-06    -722.821350    -722.824279
182 4.584266e-06    -722.821408    -722.823549
183 1.367062e-06    -722.821463    -722.822632
184 3.089693e-07    -722.821509    -722.822065
185 3.852686e-07    -722.821543    -722.822164
186 1.511249e-06    -722.821564    -722.822793
187 3.550118e-06    -722.821571    -722.823455
188 4.178304e-06    -722.821567    -722.823611
189 2.056426e-06    -722.821555    -722.822989
190 2.358720e-08    -722.821538    -722.821692
191 2.021174e-06    -722.821521    -722.820099
192 8.043300e-06    -722.821505    -722.818669
193 1.393982e-05    -722.821495    -722.817761
194 1.557693e-05    -722.821492    -722.817545
195 1.237731e-05    -722.821498    -722.817980
196 7.023110e-06    -722.821514    -722.818864
197 2.704615e-06    -722.821539    -722.819894
198 6.190670e-07    -722.821569    -722.820782
199 4.697364e-08    -722.821601    -722.821384

0 3.062340e-06    -722.821633    -722.819883
1 3.042260e-06    -722.821606    -722.819862
2 3.222406e-06    -722.821574    -722.819779
3 3.927865e-06    -722.821726    -722.819744
4 3.488942e-06    -722.821696    -722.819828
5 2.632227e-06    -722.821673    -722.820051
6 1.626457e-06    -722.821661    -722.820386
7 7.917982e-07    -722.821661    -722.820771
8 2.833722e-07    -722.821671    -722.821139
9 8.675429e-10    -722.821506    -722.821477
10 1.163057e-07    -722.821530    -722.821871
11 8.232415e-07    -722.821554    -722.822461
12 2.964553e-06    -722.821573    -722.823295
13 6.806502e-06    -722.821585    -722.824194
14 1.018901e-05    -722.821587    -722.824779
15 9.741595e-06    -722.821578    -722.824699
16 5.416984e-06    -722.821558    -722.823885
17 1.248183e-06    -722.821527    -722.822644
18 6.771433e-10    -722.821487    -722.821513
19 2.251861e-07    -722.821441    -722.820966
20 5.510468e-08    -722.821391    -722.821156
21 1.138258e-07    -722.821526    -722.821863
22 1.371206e-06    -722.821480    -722.822651
23 2.704654e-06    -722.821442    -722.823087
24 2.234740e-06    -722.821415    -722.822910
25 4.347207e-07    -722.821399    -722.822058
26 4.569325e-07    -722.821392    -722.820716
27 4.529654e-06    -722.821392    -722.819264
28 1.029794e-05    -722.821396    -722.818187
29 1.248589e-05    -722.821400    -722.817866
30 9.150274e-06    -722.821400    -722.818375
31 4.002884e-06    -722.821396    -722.819395
32 9.833778e-07    -722.821387    -722.820395
33 2.260856e-07    -722.821373    -722.820898
34 4.644545e-07    -722.821358    -722.820676
35 2.409634e-06    -722.821340    -722.819788
36 7.916302e-06    -722.821324    -722.818510
37 1.660789e-05    -722.821309    -722.817234
38 2.437733e-05    -722.821299    -722.816362
39 2.597640e-05    -722.821296    -722.816199
40 1.990927e-05    -722.821300    -722.816838
41 1.035646e-05    -722.821313    -722.818095
42 3.130073e-06    -722.821335    -722.819566
43 2.980672e-07    -722.821365    -722.820819
44 4.709132e-08    -722.821400    -722.821617
45 3.599507e-07    -722.821437    -722.822037
46 7.767895e-07    -722.821473    -722.822354
47 1.651232e-06    -722.821504    -722.822789
48 3.212882e-06    -722.821530    -722.823322
49 4.791264e-06    -722.821549    -722.823738
50 5.200535e-06    -722.821564    -722.823844
51 4.229971e-06    -722.821574    -722.823631
52 2.835090e-06    -722.821583    -722.823267
53 1.887300e-06    -722.821592    -722.822966
54 1.539469e-06    -722.821603    -722.822844
55 1.524654e-06    -722.821618    -722.822853
56 1.395563e-06    -722.821639    -722.822820
57 7.827439e-07    -722.821665    -722.822550
58 6.164965e-08    -722.821698    -722.821946
59 4.520039e-07    -722.821734    -722.821062
60 2.812914e-06    -722.821772    -722.820095
61 6.342386e-06    -722.821807    -722.819289
62 8.525138e-06    -722.821836    -722.818916
63 7.428516e-06    -722.821854    -722.819128
64 4.028792e-06    -722.821858    -722.819851
65 1.190503e-06    -722.821849    -722.820758
66 1.948824e-07    -722.821827    -722.821386
67 1.728633e-07    -722.821796    -722.821380
68 1.175714e-06    -722.821757    -722.820673
69 4.935356e-06    -722.821716    -722.819494
70 1.182020e-05    -722.821674    -722.818236
71 1.888865e-05    -722.821636    -722.817290
72 2.205059e-05    -722.821605    -722.816909
73 1.955152e-05    -722.821583    -722.817161
74 1.325364e-05    -722.821572    -722.817931
75 6.806204e-06    -722.821572    -722.818963
76 2.721479e-06    -722.821583    -722.819933
77 1.145802e-06    -722.821601    -722.820531
78 9.214567e-07    -722.821624    -722.820664
79 1.247820e-06    -722.821645    -722.820528
80 1.217843e-06    -722.821660    -722.820556
81 2.653749e-07    -722.821663    -722.821148
82 4.921936e-07    -722.821653    -722.822355
83 4.729283e-06    -722.821630    -722.823805
84 1.118473e-05    -722.821596    -722.824940
85 1.447319e-05    -722.821553    -722.825357
86 1.222816e-05    -722.821505    -722.825002
87 7.208745e-06    -722.821457    -722.824142
88 3.110242e-06    -722.821412    -722.823176
89 1.164938e-06    -722.821375    -722.822454
90 6.724301e-07    -722.821347    -722.822167
91 9.887642e-07    -722.821332    -722.822326
92 2.152570e-06    -722.821330    -722.822797
93 3.907020e-06    -722.821341    -722.823318
94 5.141858e-06    -722.821364    -722.823632
95 4.663262e-06    -722.821396    -722.823555
96 2.752388e-06    -722.821430    -722.823089
97 9.363224e-07    -722.821462    -722.822430
98 1.185229e-07    -722.821488    -722.821832
99 6.947355e-09    -722.821502    -722.821419
100 1.461970e-07    -722.821504    -722.821122
101 4.757421e-07    -722.821494    -722.820804
102 1.117295e-06    -722.821472    -722.820415
103 2.004532e-06    -722.821442    -722.820026
104 2.807289e-06    -722.821406    -722.819731
105 3.268664e-06    -722.821370    -722.819562
106 3.438284e-06    -722.821336    -722.819482
107 3.543444e-06    -722.821309    -722.819427
108 3.770436e-06    -722.821293    -722.819351
109 4.201243e-06    -722.821289    -722.819239
110 4.902541e-06    -722.821298    -722.819084
111 5.975671e-06    -722.821321    -722.818876
112 7.411590e-06    -722.821353    -722.818631
113 7.508645e-06    -722.821213    -722.818473
114 7.095883e-06    -722.821255    -722.818591
115 4.571570e-06    -722.821294    -722.819156
116 1.441323e-06    -722.821328    -722.820127
117 3.841863e-08    -722.821353    -722.821157
118 1.332566e-07    -722.821370    -722.821735
119 1.018637e-08    -722.821379    -722.821480
120 9.974919e-07    -722.821382    -722.820383
121 6.424954e-06    -722.821380    -722.818845
122 1.502448e-05    -722.821375    -722.817499
123 1.988504e-05    -722.821370    -722.816911
124 1.621420e-05    -722.821368    -722.817341
125 7.382054e-06    -722.821370    -722.818653
126 9.108772e-07    -722.821379    -722.820425
127 5.486734e-07    -722.821397    -722.822138
128 3.780090e-06    -722.821424    -722.823368
129 6.019592e-06    -722.821458    -722.823911
130 5.457639e-06    -722.821496    -722.823832
131 3.621132e-06    -722.821535    -722.823438
132 2.473262e-06    -722.821571    -722.823144
133 2.698010e-06    -722.821601    -722.823244
134 4.539149e-06    -722.821623    -722.823754
135 7.755878e-06    -722.821637    -722.824422
136 1.072510e-05    -722.821643    -722.824918
137 1.139623e-05    -722.821643    -722.825019
138 9.245730e-06    -722.821639    -722.824680
139 5.585717e-06    -722.821634    -722.823997
140 2.256108e-06    -722.821628    -722.823130
141 4.208459e-07    -722.821624    -722.822273
142 2.498436e-11    -722.821624    -722.821629
143 6.457457e-08    -722.821628    -722.821374
144 5.450552e-09    -722.821637    -722.821563
145 1.794119e-07    -722.821649    -722.822073
146 9.619911e-07    -722.821664    -722.822645
147 1.870240e-06    -722.821678    -722.823046
148 2.368808e-06    -722.821689    -722.823228
149 2.665347e-06    -722.821692    -722.823325
150 3.237950e-06    -722.821687    -722.823486
151 4.102995e-06    -722.821670    -722.823696
152 4.564575e-06    -722.821645    -722.823781
153 3.858606e-06    -722.821611    -722.823575
154 2.290954e-06    -722.821571    -722.823085
155 9.829079e-07    -722.821530    -722.822521
156 4.732212e-07    -722.821488    -722.822176
157 6.826659e-07    -722.821450    -722.822276
158 2.078684e-06    -722.821417    -722.822859
159 5.594683e-06    -722.821393    -722.823758
160 1.087322e-05    -722.821378    -722.824675
161 1.542862e-05    -722.821372    -722.825300
162 1.651447e-05    -722.821375    -722.825439
163 1.376082e-05    -722.821384    -722.825094
164 9.479249e-06    -722.821396    -722.824475
165 6.304472e-06    -722.821406    -722.823917
166 5.320660e-06    -722.821410    -722.823717
167 6.518162e-06    -722.821406    -722.823959
168 9.200564e-06    -722.821392    -722.824425
169 1.115172e-05    -722.821369    -722.824708
170 9.717828e-06    -722.821339    -722.824456
171 5.184235e-06    -722.821305    -722.823582
172 1.066379e-06    -722.821271    -722.822304
173 4.871642e-08    -722.821241    -722.821020
174 1.167216e-06    -722.821216    -722.820136
175 1.661987e-06    -722.821201    -722.819912
176 6.440844e-07    -722.821198    -722.820395
177 4.786333e-08    -722.821207    -722.821426
178 2.134713e-06    -722.821231    -722.822692
179 6.425880e-06    -722.821268    -722.823803
180 9.508347e-06    -722.821316    -722.824400
181 8.449130e-06    -722.821372    -722.824279
182 4.488276e-06    -722.821430    -722.823549
183 1.314874e-06    -722.821485    -722.822632
184 2.844252e-07    -722.821532    -722.822065
185 3.578017e-07    -722.821566    -722.822164
186 1.456351e-06    -722.821586    -722.822793
187 3.465707e-06    -722.821593    -722.823455
188 4.086686e-06    -722.821589    -722.823611
189 1.992302e-06    -722.821578    -722.822989
190 1.717318e-08    -722.821561    -722.821692
191 2.085756e-06    -722.821543    -722.820099
192 8.171628e-06    -722.821528    -722.818669
193 1.410860e-05    -722.821517    -722.817761
194 1.575532e-05    -722.821514    -722.817545
195 1.253638e-05    -722.821521    -722.817980
196 7.143058e-06    -722.821537    -722.818864
197 2.779242e-06    -722.821561    -722.819894
198 6.550359e-07    -722.821591    -722.820782
199 5.724957e-08    -722.821623    -722.821384

0 3.092316e-06    -722.821641    -722.819883
1 3.072138e-06    -722.821615    -722.819862
2 3.253153e-06    -722.821583    -722.819779
3 3.961804e-06    -722.821734    -722.819744
4 3.520933e-06    -722.821704    -722.819828
5 2.660023e-06    -722.821682    -722.820051
6 1.648322e-06    -722.821670    -722.820386
7 8.070763e-07    -722.821669    -722.820771
8 2.925414e-07    -722.821680    -722.821139
9 1.443843e-09    -722.821515    -722.821477
10 1.105511e-07    -722.821539    -722.821871
11 8.078104e-07    -722.821562    -722.822461
12 2.935204e-06    -722.821582    -722.823295
13 6.761994e-06    -722.821594    -722.824194
14 1.013454e-05    -722.821596    -722.824779
15 9.688335e-06    -722.821586    -722.824699
16 5.377286e-06    -722.821566    -722.823885
17 1.229165e-06    -722.821535    -722.822644
18 3.054849e-10    -722.821496    -722.821513
19 2.333679e-07    -722.821449    -722.820966
20 5.918891e-08    -722.821399    -722.821156
21 1.081338e-07    -722.821534    -722.821863
22 1.351269e-06    -722.821489    -722.822651
23 2.676625e-06    -722.821451    -722.823087
24 2.209268e-06    -722.821424    -722.822910
25 4.235272e-07    -722.821407    -722.822058
26 4.685562e-07    -722.821401    -722.820716
27 4.566094e-06    -722.821401    -722.819264
28 1.035285e-05    -722.821405    -722.818187
29 1.254634e-05    -722.821408    -722.817866
30 9.202036e-06    -722.821408    -722.818375
31 4.037144e-06    -722.821404    -722.819395
32 1.000396e-06    -722.821395    -722.820395
33 2.342835e-07    -722.821382    -722.820898
34 4.761729e-07    -722.821366    -722.820676
35 2.436233e-06    -722.821349    -722.819788
36 7.964453e-06    -722.821332    -722.818510
37 1.667760e-05    -722.821318    -722.817234
38 2.446177e-05    -722.821308    -722.816362
39 2.606356e-05    -722.821304    -722.816199
40 1.998559e-05    -722.821309    -722.816838
41 1.041152e-05    -722.821322    -722.818095
42 3.160378e-06    -722.821344    -722.819566
43 3.074693e-07    -722.821373    -722.820819
44 4.345620e-08    -722.821409    -722.821617
45 3.497718e-07    -722.821446    -722.822037
46 7.618021e-07    -722.821481    -722.822354
47 1.629347e-06    -722.821513    -722.822789
48 3.182326e-06    -722.821538    -722.823322
49 4.753934e-06    -722.821558    -722.823738
50 5.161640e-06    -722.821572    -722.823844
51 4.194899e-06    -722.821583    -722.823631
52 2.806391e-06    -722.821592    -722.823267
53 1.863898e-06    -722.821601    -722.822966
54 1.518340e-06    -722.821612    -722.822844
55 1.503628e-06    -722.821627    -722.822853
56 1.375450e-06    -722.821647    -722.822820
57 7.676989e-07    -722.821674    -722.822550
58 5.747988e-08    -722.821706    -722.821946
59 4.635651e-07    -722.821743    -722.821062
60 2.841646e-06    -722.821781    -722.820095
61 6.385493e-06    -722.821816    -722.819289
62 8.575103e-06    -722.821844    -722.818916
63 7.475162e-06    -722.821862    -722.819128
64 4.063164e-06    -722.821867    -722.819851
65 1.209221e-06    -722.821858    -722.820758
66 2.024988e-07    -722.821836    -722.821386
67 1.800408e-07    -722.821804    -722.821380
68 1.194316e-06    -722.821766    -722.820673
69 4.973390e-06    -722.821724    -722.819494
70 1.187902e-05    -722.821683    -722.818236
71 1.896298e-05    -722.821645    -722.817290
72 2.213090e-05    -722.821613    -722.816909
73 1.962715e-05    -722.821591    -722.817161
74 1.331592e-05    -722.821580    -722.817931
75 6.850857e-06    -722.821580    -722.818963
76 2.749742e-06    -722.821591    -722.819933
77 1.164166e-06    -722.821610    -722.820531
78 9.379327e-07    -722.821632    -722.820664
79 1.266981e-06    -722.821654    -722.820528
80 1.236774e-06    -722.821668    -722.820556
81 2.742506e-07    -722.821672    -722.821148
82 4.802785e-07    -722.821662    -722.822355
83 4.692195e-06    -722.821639    -722.823805
84 1.112766e-05    -722.821604    -722.824940
85 1.440826e-05    -722.821561    -722.825357
86 1.216848e-05    -722.821514    -722.825002
87 7.162939e-06    -722.821466    -722.824142
88 3.080180e-06    -722.821421    -722.823176
89 1.146568e-06    -722.821383    -722.822454
90 6.584908e-07    -722.821356    -722.822167
91 9.718457e-07    -722.821340    -722.822326
92 2.127572e-06    -722.821338    -722.822797
93 3.873317e-06    -722.821350    -722.823318
94 5.103184e-06    -722.821373    -722.823632
95 4.626435e-06    -722.821404    -722.823555
96 2.724112e-06    -722.821439    -722.823089
97 9.198607e-07    -722.821471    -722.822430
98 1.127130e-07    -722.821496    -722.821832
99 8.444627e-09    -722.821511    -722.821419
100 1.528036e-07    -722.821513    -722.821122
101 4.876012e-07    -722.821502    -722.820804
102 1.135430e-06    -722.821481    -722.820415
103 2.028798e-06    -722.821450    -722.820026
104 2.835993e-06    -722.821415    -722.819731
105 3.299631e-06    -722.821378    -722.819562
106 3.470042e-06    -722.821345    -722.819482
107 3.575683e-06    -722.821318    -722.819427
108 3.803689e-06    -722.821301    -722.819351
109 4.236340e-06    -722.821297    -722.819239
110 4.940449e-06    -722.821307    -722.819084
111 6.017516e-06    -722.821329    -722.818876
112 7.458182e-06    -722.821362    -722.818631
113 7.555542e-06    -722.821222    -722.818473
114 7.141475e-06    -722.821263    -722.818591
115 4.608179e-06    -722.821303    -722.819156
116 1.461911e-06    -722.821336    -722.820127
117 4.184093e-08    -722.821362    -722.821157
118 1.270919e-07    -722.821379    -722.821735
119 8.534749e-09    -722.821388    -722.821480
120 1.014631e-06    -722.821390    -722.820383
121 6.468340e-06    -722.821388    -722.818845
122 1.509078e-05    -722.821384    -722.817499
123 1.996131e-05    -722.821379    -722.816911
124 1.628308e-05    -722.821376    -722.817341
125 7.428555e-06    -722.821379    -722.818653
126 9.272587e-07    -722.821388    -722.820425
127 5.360891e-07    -722.821406    -722.822138
128 3.746940e-06    -722.821432    -722.823368
129 5.977740e-06    -722.821466    -722.823911
130 5.417792e-06    -722.821504    -722.823832
131 3.588689e-06    -722.821544    -722.823438
132 2.446462e-06    -722.821580    -722.823144
133 2.670016e-06    -722.821610    -722.823244
134 4.502816e-06    -722.821632    -722.823754
135 7.708363e-06    -722.821646    -722.824422
136 1.066922e-05    -722.821652    -722.824918
137 1.133862e-05    -722.821652    -722.825019
138 9.193845e-06    -722.821648    -722.824680
139 5.545405e-06    -722.821642    -722.823997
140 2.230515e-06    -722.821637    -722.823130
141 4.098337e-07    -722.821633    -722.822273
142 1.257000e-11    -722.821633    -722.821629
143 6.898981e-08    -722.821637    -722.821374
144 6.785098e-09    -722.821645    -722.821563
145 1.722471e-07    -722.821658    -722.822073
146 9.453043e-07    -722.821673    -722.822645
147 1.846945e-06    -722.821687    -722.823046
148 2.342582e-06    -722.821697    -722.823228
149 2.637523e-06    -722.821701    -722.823325
150 3.207275e-06    -722.821695    -722.823486
151 4.068455e-06    -722.821679    -722.823696
152 4.528141e-06    -722.821653    -722.823781
153 3.825113e-06    -722.821619    -722.823575
154 2.265163e-06    -722.821580    -722.823085
155 9.660398e-07    -722.821538    -722.822521
156 4.615394e-07    -722.821497    -722.822176
157 6.686204e-07    -722.821458    -722.822276
158 2.054120e-06    -722.821426    -722.822859
159 5.554338e-06    -722.821401    -722.823758
160 1.081695e-05    -722.821386    -722.824675
161 1.536157e-05    -722.821381    -722.825300
162 1.644510e-05    -722.821384    -722.825439
163 1.369751e-05    -722.821393    -722.825094
164 9.426712e-06    -722.821405    -722.824475
165 6.261640e-06    -722.821415    -722.823917
166 5.281317e-06    -722.821419    -722.823717
167 6.474609e-06    -722.821414    -722.823959
168 9.148805e-06    -722.821400    -722.824425
169 1.109473e-05    -722.821377    -722.824708
170 9.664632e-06    -722.821347    -722.824456
171 5.145401e-06    -722.821314    -722.823582
172 1.048806e-06    -722.821280    -722.822304
173 5.256098e-08    -722.821249    -722.821020
174 1.185750e-06    -722.821225    -722.820136
175 1.684089e-06    -722.821210    -722.819912
176 6.578711e-07    -722.821206    -722.820395
177 4.419793e-08    -722.821216    -722.821426
178 2.109820e-06    -722.821239    -722.822692
179 6.382637e-06    -722.821277    -722.823803
180 9.455729e-06    -722.821325    -722.824400
181 8.399533e-06    -722.821381    -722.824279
182 4.452147e-06    -722.821439    -722.823549
183 1.295352e-06    -722.821494    -722.822632
184 2.753851e-07    -722.821540    -722.822065
185 3.476534e-07    -722.821574    -722.822164
186 1.435803e-06    -722.821595    -722.822793
187 3.433969e-06    -722.821602    -722.823455
188 4.052215e-06    -722.821598    -722.823611
189 1.968256e-06    -722.821586    -722.822989
190 1.500689e-08    -722.821569    -722.821692
191 2.110507e-06    -722.821552    -722.820099
192 8.220548e-06    -722.821536    -722.818669
193 1.417285e-05    -722.821526    -722.817761
194 1.582322e-05    -722.821523    -722.817545
195 1.259695e-05    -722.821529    -722.817980
196 7.188800e-06    -722.821545    -722.818864
197 2.807802e-06    -722.821570    -722.819894
198 6.689388e-07    -722.821600    -722.820782
199 6.141112e-08    -722.821632    -722.821384

0 3.103719e-06    -722.821645    -722.819883
1 3.083504e-06    -722.821618    -722.819862
2 3.264849e-06    -722.821586    -722.819779
3 3.974710e-06    -722.821738    -722.819744
4 3.533100e-06    -722.821708    -722.819828
5 2.670600e-06    -722.821685    -722.820051
6 1.656650e-06    -722.821673    -722.820386
7 8.129071e-07    -722.821673    -722.820771
8 2.960560e-07    -722.821683    -722.821139
9 1.700511e-09    -722.821518    -722.821477
10 1.084075e-07    -722.821542    -722.821871
11 8.019980e-07    -722.821565    -722.822461
12 2.924115e-06    -722.821585    -722.823295
13 6.745158e-06    -722.821597    -722.824194
14 1.011392e-05    -722.821599    -722.824779
15 9.668180e-06    -722.821590    -722.824699
16 5.362273e-06    -722.821569    -722.823885
17 1.221993e-06    -722.821539    -722.822644
18 2.027435e-10    -722.821499    -722.821513
19 2.365081e-07    -722.821452    -722.820966
20 6.077558e-08    -722.821403    -722.821156
21 1.060138e-07    -722.821537    -722.821863
22 1.343749e-06    -722.821492    -722.822651
23 2.666036e-06    -722.821454    -722.823087
24 2.199649e-06    -722.821427    -722.822910
25 4.193214e-07    -722.821410    -722.822058
26 4.730014e-07    -722.821404    -722.820716
27 4.579949e-06    -722.821404    -722.819264
28 1.037371e-05    -722.821408    -722.818187
29 1.256930e-05    -722.821411    -722.817866
30 9.221699e-06    -722.821412    -722.818375
31 4.050172e-06    -722.821408    -722.819395
32 1.006886e-06    -722.821398    -722.820395
33 2.374298e-07    -722.821385    -722.820898
34 4.806540e-07    -722.821369    -722.820676
35 2.446355e-06    -722.821352    -722.819788
36 7.982747e-06    -722.821335    -722.818510
37 1.670407e-05    -722.821321    -722.817234
38 2.449383e-05    -722.821311    -722.816362
39 2.609665e-05    -722.821307    -722.816199
40 2.001456e-05    -722.821312    -722.816838
41 1.043244e-05    -722.821325    -722.818095
42 3.171906e-06    -722.821347    -722.819566
43 3.110722e-07    -722.821377    -722.820819
44 4.211614e-08    -722.821412    -722.821617
45 3.459507e-07    -722.821449    -722.822037
46 7.561580e-07    -722.821484    -722.822354
47 1.621088e-06    -722.821516    -722.822789
48 3.170780e-06    -722.821541    -722.823322
49 4.739819e-06    -722.821561    -722.823738
50 5.146932e-06    -722.821575    -722.823844
51 4.181641e-06    -722.821586    -722.823631
52 2.795549e-06    -722.821595    -722.823267
53 1.855063e-06    -722.821604    -722.822966
54 1.510368e-06    -722.821615    -722.822844
55 1.495694e-06    -722.821630    -722.822853
56 1.367862e-06    -722.821650    -722.822820
57 7.620329e-07    -722.821677    -722.822550
58 5.593712e-08    -722.821709    -722.821946
59 4.679867e-07    -722.821746    -722.821062
60 2.852577e-06    -722.821784    -722.820095
61 6.401875e-06    -722.821819    -722.819289
62 8.594085e-06    -722.821848    -722.818916
63 7.492886e-06    -722.821865    -722.819128
64 4.076233e-06    -722.821870    -722.819851
65 1.216356e-06    -722.821861    -722.820758
66 2.054247e-07    -722.821839    -722.821386
67 1.828003e-07    -722.821808    -722.821380
68 1.201406e-06    -722.821769    -722.820673
69 4.987849e-06    -722.821727    -722.819494
70 1.190136e-05    -722.821686    -722.818236
71 1.899121e-05    -722.821648    -722.817290
72 2.216139e-05    -722.821617    -722.816909
73 1.965587e-05    -722.821594    -722.817161
74 1.333957e-05    -722.821583    -722.817931
75 6.867825e-06    -722.821584    -722.818963
76 2.760495e-06    -722.821594    -722.819933
77 1.171167e-06    -722.821613    -722.820531
78 9.442175e-07    -722.821636    -722.820664
79 1.274284e-06    -722.821657    -722.820528
80 1.243989e-06    -722.821671    -722.820556
81 2.776539e-07    -722.821675    -722.821148
82 4.757991e-07    -722.821665    -722.822355
83 4.678172e-06    -722.821642    -722.823805
84 1.110606e-05    -722.821607    -722.824940
85 1.438368e-05    -722.821564    -722.825357
86 1.214589e-05    -722.821517    -722.825002
87 7.145611e-06    -722.821469    -722.824142
88 3.068820e-06    -722.821424    -722.823176
89 1.139642e-06    -722.821386    -722.822454
90 6.532441e-07    -722.821359    -722.822167
91 9.654694e-07    -722.821343    -722.822326
92 2.118133e-06    -722.821342    -722.822797
93 3.860577e-06    -722.821353    -722.823318
94 5.088559e-06    -722.821376    -722.823632
95 4.612510e-06    -722.821407    -722.823555
96 2.713429e-06    -722.821442    -722.823089
97 9.136576e-07    -722.821474    -722.822430
98 1.105485e-07    -722.821500    -722.821832
99 9.050473e-09    -722.821514    -722.821419
100 1.553466e-07    -722.821516    -722.821122
101 4.921356e-07    -722.821506    -722.820804
102 1.142344e-06    -722.821484    -722.820415
103 2.038037e-06    -722.821454    -722.820026
104 2.846913e-06    -722.821418    -722.819731
105 3.311410e-06    -722.821382    -722.819562
106 3.482121e-06    -722.821348    -722.819482
107 3.587945e-06    -722.821321    -722.819427
108 3.816335e-06    -722.821305    -722.819351
109 4.249685e-06    -722.821300    -722.819239
110 4.954860e-06    -722.821310    -722.819084
111 6.033419e-06    -722.821332    -722.818876
112 7.475886e-06    -722.821365    -722.818631
113 7.573360e-06    -722.821225    -722.818473
114 7.158798e-06    -722.821267    -722.818591
115 4.622097e-06    -722.821306    -722.819156
116 1.469755e-06    -722.821339    -722.820127
117 4.317663e-08    -722.821365    -722.821157
118 1.247927e-07    -722.821382    -722.821735
119 7.946721e-09    -722.821391    -722.821480
120 1.021168e-06    -722.821394    -722.820383
121 6.484828e-06    -722.821392    -722.818845
122 1.511596e-05    -722.821387    -722.817499
123 1.999027e-05    -722.821382    -722.816911
124 1.630923e-05    -722.821379    -722.817341
125 7.446223e-06    -722.821382    -722.818653
126 9.335077e-07    -722.821391    -722.820425
127 5.313561e-07    -722.821409    -722.822138
128 3.734410e-06    -722.821436    -722.823368
129 5.961911e-06    -722.821469    -722.823911
130 5.402723e-06    -722.821508    -722.823832
131 3.576426e-06    -722.821547    -722.823438
132 2.436339e-06    -722.821583    -722.823144
133 2.659440e-06    -722.821613    -722.823244
134 4.489079e-06    -722.821635    -722.823754
135 7.690386e-06    -722.821649    -722.824422
136 1.064807e-05    -722.821655    -722.824918
137 1.131681e-05    -722.821655    -722.825019
138 9.174211e-06    -722.821651    -722.824680
139 5.530159e-06    -722.821645    -722.823997
140 2.220850e-06    -722.821640    -722.823130
141 4.056967e-07    -722.821636    -722.822273
142 4.603274e-11    -722.821636    -722.821629
143 7.070198e-08    -722.821640    -722.821374
144 7.329249e-09    -722.821649    -722.821563
145 1.695687e-07    -722.821661    -722.822073
146 9.390158e-07    -722.821676    -722.822645
147 1.838151e-06    -722.821690    -722.823046
148 2.332676e-06    -722.821701    -722.823228
149 2.627012e-06    -722.821704    -722.823325
150 3.195682e-06    -722.821698    -722.823486
151 4.055398e-06    -722.821682    -722.823696
152 4.514365e-06    -722.821656    -722.823781
153 3.812452e-06    -722.821622    -722.823575
154 2.255423e-06    -722.821583    -722.823085
155 9.596826e-07    -722.821541    -722.822521
156 4.571485e-07    -722.821500    -722.822176
157 6.633333e-07    -722.821462    -722.822276
158 2.044846e-06    -722.821429    -722.822859
159 5.539080e-06    -722.821404    -722.823758
160 1.079565e-05    -722.821389    -722.824675
161 1.533619e-05    -722.821384    -722.825300
162 1.641884e-05    -722.821387    -722.825439
163 1.367354e-05    -722.821396    -722.825094
164 9.406831e-06    -722.821408    -722.824475
165 6.245439e-06    -722.821418    -722.823917
166 5.266439e-06    -722.821422    -722.823717
167 6.458134e-06    -722.821418    -722.823959
168 9.129220e-06    -722.821404    -722.824425
169 1.107316e-05    -722.821380    -722.824708
170 9.644502e-06    -722.821350    -722.824456
171 5.130716e-06    -722.821317    -722.823582
172 1.042182e-06    -722.821283    -722.822304
173 5.405677e-08    -722.821253    -722.821020
174 1.192815e-06    -722.821228    -722.820136
175 1.692507e-06    -722.821213    -722.819912
176 6.631364e-07    -722.821209    -722.820395
177 4.284640e-08    -722.821219    -722.821426
178 2.100420e-06    -722.821243    -722.822692
179 6.366280e-06    -722.821280    -722.823803
180 9.435818e-06    -722.821328    -722.824400
181 8.380767e-06    -722.821384    -722.824279
182 4.438488e-06    -722.821442    -722.823549
183 1.287989e-06    -722.821497    -722.822632
184 2.719958e-07    -722.821543    -722.822065
185 3.438440e-07    -722.821578    -722.822164
186 1.428050e-06    -722.821598    -722.822793
187 3.421974e-06    -722.821605    -722.823455
188 4.039184e-06    -722.821601    -722.823611
189 1.959178e-06    -722.821589    -722.822989
190 1.422373e-08    -722.821573    -722.821692
191 2.119930e-06    -722.821555    -722.820099
192 8.239134e-06    -722.821539    -722.818669
193 1.419726e-05    -722.821529    -722.817761
194 1.584900e-05    -722.821526    -722.817545
195 1.261996e-05    -722.821532    -722.817980
196 7.206181e-06    -722.821548    -722.818864
197 2.818669e-06    -722.821573    -722.819894
198 6.742480e-07    -722.821603    -722.820782
199 6.302711e-08    -722.821635    -722.821384

0 3.108048e-06    -722.821646    -722.819883
1 3.087818e-06    -722.821619    -722.819862
2 3.269289e-06    -722.821587    -722.819779
3 3.979608e-06    -722.821739    -722.819744
4 3.537718e-06    -722.821709    -722.819828
5 2.674616e-06    -722.821686    -722.820051
6 1.659813e-06    -722.821674    -722.820386
7 8.151232e-07    -722.821674    -722.820771
8 2.973940e-07    -722.821684    -722.821139
9 1.803312e-09    -722.821519    -722.821477
10 1.076003e-07    -722.821543    -722.821871
11 7.997998e-07    -722.821567    -722.822461
12 2.919917e-06    -722.821586    -722.823295
13 6.738780e-06    -722.821598    -722.824194
14 1.010611e-05    -722.821600    -722.824779
15 9.660543e-06    -722.821591    -722.824699
16 5.356587e-06    -722.821571    -722.823885
17 1.219279e-06    -722.821540    -722.822644
18 1.692769e-10    -722.821500    -722.821513
19 2.377041e-07    -722.821454    -722.820966
20 6.138263e-08    -722.821404    -722.821156
21 1.052156e-07    -722.821539    -722.821863
22 1.340903e-06    -722.821493    -722.822651
23 2.662027e-06    -722.821455    -722.823087
24 2.196007e-06    -722.821428    -722.822910
25 4.177323e-07    -722.821412    -722.822058
26 4.746923e-07    -722.821405    -722.820716
27 4.585207e-06    -722.821405    -722.819264
28 1.038162e-05    -722.821409    -722.818187
29 1.257801e-05    -722.821413    -722.817866
30 9.229160e-06    -722.821413    -722.818375
31 4.055117e-06    -722.821409    -722.819395
32 1.009353e-06    -722.821400    -722.820395
33 2.386282e-07    -722.821386    -722.820898
34 4.823585e-07    -722.821371    -722.820676
35 2.450199e-06    -722.821353    -722.819788
36 7.989689e-06    -722.821337    -722.818510
37 1.671411e-05    -722.821322    -722.817234
38 2.450599e-05    -722.821312    -722.816362
39 2.610920e-05    -722.821309    -722.816199
40 2.002556e-05    -722.821313    -722.816838
41 1.044037e-05    -722.821326    -722.818095
42 3.176282e-06    -722.821348    -722.819566
43 3.124437e-07    -722.821378    -722.820819
44 4.161356e-08    -722.821413    -722.821617
45 3.445075e-07    -722.821450    -722.822037
46 7.540235e-07    -722.821486    -722.822354
47 1.617962e-06    -722.821517    -722.822789
48 3.166407e-06    -722.821543    -722.823322
49 4.734472e-06    -722.821562    -722.823738
50 5.141361e-06    -722.821577    -722.823844
51 4.176619e-06    -722.821587    -722.823631
52 2.791443e-06    -722.821596    -722.823267
53 1.851719e-06    -722.821605    -722.822966
54 1.507351e-06    -722.821616    -722.822844
55 1.492691e-06    -722.821631    -722.822853
56 1.364991e-06    -722.821652    -722.822820
57 7.598902e-07    -722.821678    -722.822550
58 5.535768e-08    -722.821711    -722.821946
59 4.696685e-07    -722.821747    -722.821062
60 2.856728e-06    -722.821785    -722.820095
61 6.408091e-06    -722.821820    -722.819289
62 8.601287e-06    -722.821849    -722.818916
63 7.499611e-06    -722.821867    -722.819128
64 4.081194e-06    -722.821871    -722.819851
65 1.219066e-06    -722.821862    -722.820758
66 2.065395e-07    -722.821840    -722.821386
67 1.838520e-07    -722.821809    -722.821380
68 1.204100e-06    -722.821770    -722.820673
69 4.993336e-06    -722.821729    -722.819494
70 1.190984e-05    -722.821687    -722.818236
71 1.900191e-05    -722.821649    -722.817290
72 2.217295e-05    -722.821618    -722.816909
73 1.966676e-05    -722.821596    -722.817161
74 1.334855e-05    -722.821585    -722.817931
75 6.874263e-06    -722.821585    -722.818963
76 2.764578e-06    -722.821596    -722.819933
77 1.173826e-06    -722.821614    -722.820531
78 9.466059e-07    -722.821637    -722.820664
79 1.277059e-06    -722.821658    -722.820528
80 1.246730e-06    -722.821673    -722.820556
81 2.789497e-07    -722.821676    -722.821148
82 4.741063e-07    -722.821666    -722.822355
83 4.672861e-06    -722.821643    -722.823805
84 1.109787e-05    -722.821609    -722.824940
85 1.437436e-05    -722.821566    -722.825357
86 1.213733e-05    -722.821518    -722.825002
87 7.139046e-06    -722.821470    -722.824142
88 3.064518e-06    -722.821425    -722.823176
89 1.137021e-06    -722.821388    -722.822454
90 6.512603e-07    -722.821360    -722.822167
91 9.630574e-07    -722.821345    -722.822326
92 2.114560e-06    -722.821343    -722.822797
93 3.855752e-06    -722.821354    -722.823318
94 5.083019e-06    -722.821377    -722.823632
95 4.607236e-06    -722.821409    -722.823555
96 2.709385e-06    -722.821443    -722.823089
97 9.113112e-07    -722.821475    -722.822430
98 1.097333e-07    -722.821501    -722.821832
99 9.285661e-09    -722.821515    -722.821419
100 1.563162e-07    -722.821517    -722.821122
101 4.938603e-07    -722.821507    -722.820804
102 1.144971e-06    -722.821485    -722.820415
103 2.041545e-06    -722.821455    -722.820026
104 2.851059e-06    -722.821420    -722.819731
105 3.315881e-06    -722.821383    -722.819562
106 3.486706e-06    -722.821349    -722.819482
107 3.592599e-06    -722.821322    -722.819427
108 3.821135e-06    -722.821306    -722.819351
109 4.254750e-06    -722.821302    -722.819239
110 4.960329e-06    -722.821311    -722.819084
111 6.039454e-06    -722.821334    -722.818876
112 7.482604e-06    -722.821366    -722.818631
113 7.580122e-06    -722.821226    -722.818473
114 7.165372e-06    -722.821268    -722.818591
115 4.627379e-06    -722.821307    -722.819156
116 1.472734e-06    -722.821341    -722.820127
117 4.368854e-08    -722.821366    -722.821157
118 1.239265e-07    -722.821383    -722.821735
119 7.729262e-09    -722.821392    -722.821480
120 1.023651e-06    -722.821395    -722.820383
121 6.491084e-06    -722.821393    -722.818845
122 1.512551e-05    -722.821388    -722.817499
123 2.000125e-05    -722.821383    -722.816911
124 1.631915e-05    -722.821381    -722.817341
125 7.452927e-06    -722.821383    -722.818653
126 9.358825e-07    -722.821392    -722.820425
127 5.295671e-07    -722.821410    -722.822138
128 3.729665e-06    -722.821437    -722.823368
129 5.955915e-06    -722.821471    -722.823911
130 5.397015e-06    -722.821509    -722.823832
131 3.571782e-06    -722.821548    -722.823438
132 2.432506e-06    -722.821584    -722.823144
133 2.655436e-06    -722.821614    -722.823244
134 4.483876e-06    -722.821636    -722.823754
135 7.683576e-06    -722.821650    -722.824422
136 1.064005e-05    -722.821656    -722.824918
137 1.130855e-05    -722.821656    -722.825019
138 9.166772e-06    -722.821652    -722.824680
139 5.524384e-06    -722.821647    -722.823997
140 2.217191e-06    -722.821641    -722.823130
141 4.041336e-07    -722.821637    -722.822273
142 6.420661e-11    -722.821637    -722.821629
143 7.135662e-08    -722.821641    -722.821374
144 7.541045e-09    -722.821650    -722.821563
145 1.685588e-07    -722.821662    -722.822073
146 9.366370e-07    -722.821677    -722.822645
147 1.834822e-06    -722.821691    -722.823046
148 2.328926e-06    -722.821702    -722.823228
149 2.623032e-06    -722.821705    -722.823325
150 3.191293e-06    -722.821700    -722.823486
151 4.050453e-06    -722.821683    -722.823696
152 4.509147e-06    -722.821658    -722.823781
153 3.807658e-06    -722.821624    -722.823575
154 2.251735e-06    -722.821584    -722.823085
155 9.572779e-07    -722.821543    -722.822521
156 4.554892e-07    -722.821501    -722.822176
157 6.613343e-07    -722.821463    -722.822276
158 2.041335e-06    -722.821430    -722.822859
159 5.533301e-06    -722.821406    -722.823758
160 1.078758e-05    -722.821391    -722.824675
161 1.532657e-05    -722.821385    -722.825300
162 1.640889e-05    -722.821388    -722.825439
163 1.366446e-05    -722.821397    -722.825094
164 9.399299e-06    -722.821409    -722.824475
165 6.239302e-06    -722.821419    -722.823917
166 5.260804e-06    -722.821423    -722.823717
167 6.451894e-06    -722.821419    -722.823959
168 9.121800e-06    -722.821405    -722.824425
169 1.106499e-05    -722.821382    -722.824708
170 9.636875e-06    -722.821352    -722.824456
171 5.125153e-06    -722.821318    -722.823582
172 1.039675e-06    -722.821284    -722.822304
173 5.462938e-08    -722.821254    -722.821020
174 1.195499e-06    -722.821229    -722.820136
175 1.695704e-06    -722.821214    -722.819912
176 6.651381e-07    -722.821211    -722.820395
177 4.233947e-08    -722.821220    -722.821426
178 2.096862e-06    -722.821244    -722.822692
179 6.360084e-06    -722.821281    -722.823803
180 9.428274e-06    -722.821329    -722.824400
181 8.373658e-06    -722.821385    -722.824279
182 4.433315e-06    -722.821443    -722.823549
183 1.285203e-06    -722.821498    -722.822632
184 2.707162e-07    -722.821545    -722.822065
185 3.424051e-07    -722.821579    -722.822164
186 1.425117e-06    -722.821599    -722.822793
187 3.417432e-06    -722.821606    -722.823455
188 4.034249e-06    -722.821602    -722.823611
189 1.955741e-06    -722.821591    -722.822989
190 1.393229e-08    -722.821574    -722.821692
191 2.123508e-06    -722.821556    -722.820099
192 8.246186e-06    -722.821541    -722.818669
193 1.420651e-05    -722.821530    -722.817761
194 1.585878e-05    -722.821527    -722.817545
195 1.262869e-05    -722.821534    -722.817980
196 7.212776e-06    -722.821550    -722.818864
197 2.822794e-06    -722.821574    -722.819894
198 6.762665e-07    -722.821604    -722.820782
199 6.364528e-08    -722.821636    -722.821384

0 3.109690e-06    -722.821646    -722.819883
1 3.089455e-06    -722.821620    -722.819862
2 3.270973e-06    -722.821588    -722.819779
3 3.981466e-06    -722.821739    -722.819744
4 3.539470e-06    -722.821709    -722.819828
5 2.676139e-06    -722.821687    -722.820051
6 1.661013e-06    -722.821675    -722.820386
7 8.159642e-07    -722.821674    -722.820771
8 2.979021e-07    -722.821685    -722.821139
9 1.843076e-09    -722.821520    -722.821477
10 1.072950e-07    -722.821543    -722.821871
11 7.989671e-07    -722.821567    -722.822461
12 2.918325e-06    -722.821587    -722.823295
13 6.736363e-06    -722.821599    -722.824194
14 1.010315e-05    -722.821600    -722.824779
15 9.657649e-06    -722.821591    -722.824699
16 5.354432e-06    -722.821571    -722.823885
17 1.218251e-06    -722.821540    -722.822644
18 1.573770e-10    -722.821500    -722.821513
19 2.381584e-07    -722.821454    -722.820966
20 6.161358e-08    -722.821404    -722.821156
21 1.049137e-07    -722.821539    -722.821863
22 1.339825e-06    -722.821493    -722.822651
23 2.660507e-06    -722.821456    -722.823087
24 2.194628e-06    -722.821429    -722.822910
25 4.171306e-07    -722.821412    -722.822058
26 4.753341e-07    -722.821405    -722.820716
27 4.587201e-06    -722.821406    -722.819264
28 1.038462e-05    -722.821410    -722.818187
29 1.258131e-05    -722.821413    -722.817866
30 9.231989e-06    -722.821413    -722.818375
31 4.056993e-06    -722.821409    -722.819395
32 1.010288e-06    -722.821400    -722.820395
33 2.390834e-07    -722.821387    -722.820898
34 4.830055e-07    -722.821371    -722.820676
35 2.451657e-06    -722.821354    -722.819788
36 7.992321e-06    -722.821337    -722.818510
37 1.671792e-05    -722.821323    -722.817234
38 2.451060e-05    -722.821313    -722.816362
39 2.611396e-05    -722.821309    -722.816199
40 2.002972e-05    -722.821313    -722.816838
41 1.044338e-05    -722.821327    -722.818095
42 3.177942e-06    -722.821349    -722.819566
43 3.129645e-07    -722.821378    -722.820819
44 4.142380e-08    -722.821413    -722.821617
45 3.439610e-07    -722.821451    -722.822037
46 7.532151e-07    -722.821486    -722.822354
47 1.616778e-06    -722.821517    -722.822789
48 3.164750e-06    -722.821543    -722.823322
49 4.732446e-06    -722.821563    -722.823738
50 5.139249e-06    -722.821577    -722.823844
51 4.174716e-06    -722.821588    -722.823631
52 2.789888e-06    -722.821597    -722.823267
53 1.850452e-06    -722.821606    -722.822966
54 1.506207e-06    -722.821617    -722.822844
55 1.491554e-06    -722.821632    -722.822853
56 1.363903e-06    -722.821652    -722.822820
57 7.590786e-07    -722.821679    -722.822550
58 5.513878e-08    -722.821711    -722.821946
59 4.703070e-07    -722.821748    -722.821062
60 2.858302e-06    -722.821786    -722.820095
61 6.410449e-06    -722.821821    -722.819289
62 8.604019e-06    -722.821849    -722.818916
63 7.502162e-06    -722.821867    -722.819128
64 4.083076e-06    -722.821872    -722.819851
65 1.220095e-06    -722.821863    -722.820758
66 2.069629e-07    -722.821841    -722.821386
67 1.842515e-07    -722.821809    -722.821380
68 1.205122e-06    -722.821771    -722.820673
69 4.995417e-06    -722.821729    -722.819494
70 1.191305e-05    -722.821688    -722.818236
71 1.900597e-05    -722.821650    -722.817290
72 2.217734e-05    -722.821618    -722.816909
73 1.967089e-05    -722.821596    -722.817161
