0 1.253399e-06    -722.821003    -722.819883
1 1.295465e-06    -722.821000    -722.819862
2 1.485031e-06    -722.820998    -722.819779
3 1.581730e-06    -722.821002    -722.819744
4 1.373085e-06    -722.821000    -722.819828
5 8.981177e-07    -722.820999    -722.820051
6 3.751927e-07    -722.820999    -722.820386
7 5.211907e-08    -722.820999    -722.820771
8 1.909866e-08    -722.821001    -722.821139
9 2.311376e-07    -722.820996    -722.821477
10 7.620929e-07    -722.820998    -722.821871
11 2.136810e-06    -722.820999    -722.822461
12 5.269760e-06    -722.820999    -722.823295
13 1.021223e-05    -722.820998    -722.824194
14 1.431109e-05    -722.820996    -722.824779
15 1.373802e-05    -722.820993    -722.824699
16 8.391767e-06    -722.820988    -722.823885
17 2.758328e-06    -722.820983    -722.822644
18 2.863090e-07    -722.820978    -722.821513
19 4.466100e-11    -722.820973    -722.820966
20 3.542852e-08    -722.820968    -722.821156
21 7.981108e-07    -722.820970    -722.821863
22 2.838476e-06    -722.820966    -722.822651
23 4.507569e-06    -722.820964    -722.823087
24 3.792026e-06    -722.820963    -722.822910
25 1.200204e-06    -722.820962    -722.822058
26 6.096541e-08    -722.820963    -722.820716
27 2.888646e-06    -722.820964    -722.819264
28 7.712024e-06    -722.820964    -722.818187
29 9.596739e-06    -722.820964    -722.817866
30 6.696696e-06    -722.820963    -722.818375
31 2.451933e-06    -722.820961    -722.819395
32 3.172673e-07    -722.820958    -722.820395
33 3.285833e-09    -722.820955    -722.820898
34 7.639608e-08    -722.820952    -722.820676
35 1.349853e-06    -722.820950    -722.819788
36 5.943398e-06    -722.820948    -722.818510
37 1.378535e-05    -722.820947    -722.817234
38 2.102106e-05    -722.820947    -722.816362
39 2.255362e-05    -722.820948    -722.816199
40 1.691254e-05    -722.820950    -722.816838
41 8.174348e-06    -722.820954    -722.818095
42 1.939523e-06    -722.820959    -722.819566
43 2.100002e-08    -722.820964    -722.820819
44 4.194349e-07    -722.820969    -722.821617
45 1.128925e-06    -722.820974    -722.822037
46 1.891108e-06    -722.820979    -722.822354
47 3.265095e-06    -722.820982    -722.822789
48 5.465968e-06    -722.820984    -722.823322
49 7.578935e-06    -722.820985    -722.823738
50 8.172698e-06    -722.820985    -722.823844
51 7.001265e-06    -722.820985    -722.823631
52 5.208483e-06    -722.820985    -722.823267
53 3.924860e-06    -722.820985    -722.822966
54 3.453905e-06    -722.820986    -722.822844
55 3.482072e-06    -722.820987    -722.822853
56 3.351424e-06    -722.820989    -722.822820
57 2.425566e-06    -722.820993    -722.822550
58 9.012517e-07    -722.820997    -722.821946
59 3.686133e-09    -722.821001    -722.821062
60 8.300161e-07    -722.821006    -722.820095
61 2.963310e-06    -722.821010    -722.819289
62 4.400978e-06    -722.821014    -722.818916
63 3.563950e-06    -722.821016    -722.819128
64 1.357495e-06    -722.821016    -722.819851
65 6.586869e-08    -722.821015    -722.820758
66 1.401148e-07    -722.821012    -722.821386
67 1.386565e-07    -722.821008    -722.821380
68 1.089078e-07    -722.821003    -722.820673
69 2.262953e-06    -722.820998    -722.819494
70 7.606422e-06    -722.820994    -722.818236
71 1.369267e-05    -722.820990    -722.817290
72 1.663620e-05    -722.820988    -722.816909
73 1.463305e-05    -722.820986    -722.817161
74 9.333823e-06    -722.820986    -722.817931
75 4.097055e-06    -722.820987    -722.818963
76 1.115245e-06    -722.820989    -722.819933
77 2.120973e-07    -722.820992    -722.820531
78 1.089334e-07    -722.820994    -722.820664
79 2.190006e-07    -722.820996    -722.820528
80 1.942517e-07    -722.820997    -722.820556
81 2.312367e-08    -722.820996    -722.821148
82 1.853911e-06    -722.820993    -722.822355
83 7.928013e-06    -722.820989    -722.823805
84 1.564953e-05    -722.820984    -722.824940
85 1.917473e-05    -722.820978    -722.825357
86 1.624065e-05    -722.820972    -722.825002
87 1.008482e-05    -722.820966    -722.824142
88 4.904156e-06    -722.820961    -722.823176
89 2.238714e-06    -722.820958    -722.822454
90 1.467742e-06    -722.820955    -722.822167
91 1.880197e-06    -722.820955    -722.822326
92 3.390482e-06    -722.820956    -722.822797
93 5.569778e-06    -722.820958    -722.823318
94 7.132550e-06    -722.820961    -722.823632
95 6.706971e-06    -722.820965    -722.823555
96 4.494276e-06    -722.820969    -722.823089
97 2.125495e-06    -722.820972    -722.822430
98 7.364078e-07    -722.820974    -722.821832
99 1.980234e-07    -722.820974    -722.821419
100 2.235619e-08    -722.820972    -722.821122
101 2.739137e-08    -722.820970    -722.820804
102 3.030045e-07    -722.820965    -722.820415
103 8.738882e-07    -722.820961    -722.820026
104 1.500830e-06    -722.820956    -722.819731
105 1.931346e-06    -722.820952    -722.819562
106 2.149711e-06    -722.820948    -722.819482
107 2.306854e-06    -722.820946    -722.819427
108 2.540621e-06    -722.820945    -722.819351
109 2.912589e-06    -722.820946    -722.819239
110 3.474177e-06    -722.820948    -722.819084
111 4.308071e-06    -722.820952    -722.818876
112 5.406954e-06    -722.820956    -722.818631
113 6.162229e-06    -722.820955    -722.818473
114 5.614550e-06    -722.820961    -722.818591
115 3.272685e-06    -722.820965    -722.819156
116 7.084321e-07    -722.820969    -722.820127
117 3.450205e-08    -722.820971    -722.821157
118 5.808904e-07    -722.820973    -722.821735
119 2.563772e-07    -722.820974    -722.821480
120 3.492949e-07    -722.820974    -722.820383
121 4.533377e-06    -722.820974    -722.818845
122 1.207850e-05    -722.820974    -722.817499
123 1.651593e-05    -722.820975    -722.816911
124 1.321388e-05    -722.820976    -722.817341
125 5.405304e-06    -722.820978    -722.818653
126 3.087202e-07    -722.820981    -722.820425
127 1.331264e-06    -722.820984    -722.822138
128 5.661891e-06    -722.820989    -722.823368
129 8.512638e-06    -722.820993    -722.823911
130 8.029899e-06    -722.820998    -722.823832
131 5.929882e-06    -722.821003    -722.823438
132 4.568340e-06    -722.821007    -722.823144
133 4.993962e-06    -722.821009    -722.823244
134 7.525668e-06    -722.821011    -722.823754
135 1.163491e-05    -722.821011    -722.824422
136 1.526908e-05    -722.821010    -722.824918
137 1.607742e-05    -722.821009    -722.825019
138 1.348325e-05    -722.821008    -722.824680
139 8.940875e-06    -722.821007    -722.823997
140 4.511139e-06    -722.821006    -722.823130
141 1.605834e-06    -722.821006    -722.822273
142 3.879203e-07    -722.821006    -722.821629
143 1.345252e-07    -722.821007    -722.821374
144 3.070678e-07    -722.821009    -722.821563
145 1.128113e-06    -722.821011    -722.822073
146 2.663694e-06    -722.821013    -722.822645
147 4.126744e-06    -722.821015    -722.823046
148 4.895866e-06    -722.821015    -722.823228
149 5.336784e-06    -722.821015    -722.823325
150 6.116389e-06    -722.821013    -722.823486
151 7.217893e-06    -722.821009    -722.823696
152 7.708161e-06    -722.821005    -722.823781
153 6.635640e-06    -722.820999    -722.823575
154 4.376482e-06    -722.820993    -722.823085
155 2.353163e-06    -722.820987    -722.822521
156 1.427001e-06    -722.820981    -722.822176
157 1.688393e-06    -722.820977    -722.822276
158 3.557652e-06    -722.820973    -722.822859
159 7.771659e-06    -722.820970    -722.823758
160 1.373512e-05    -722.820969    -722.824675
161 1.875927e-05    -722.820969    -722.825300
162 1.997458e-05    -722.820970    -722.825439
163 1.699702e-05    -722.820971    -722.825094
164 1.226430e-05    -722.820973    -722.824475
165 8.659692e-06    -722.820974    -722.823917
166 7.520334e-06    -722.820975    -722.823717
167 8.911032e-06    -722.820974    -722.823959
168 1.192498e-05    -722.820972    -722.824425
169 1.398391e-05    -722.820968    -722.824708
170 1.219064e-05    -722.820964    -722.824456
171 6.873727e-06    -722.820960    -722.823582
172 1.816621e-06    -722.820956    -722.822304
173 4.513477e-09    -722.820953    -722.821020
174 6.634375e-07    -722.820951    -722.820136
175 1.076567e-06    -722.820950    -722.819912
176 3.082620e-07    -722.820950    -722.820395
177 2.241703e-07    -722.820953    -722.821426
178 3.011898e-06    -722.820957    -722.822692
179 8.071349e-06    -722.820962    -722.823803
180 1.177457e-05    -722.820969    -722.824400
181 1.091111e-05    -722.820976    -722.824279
182 6.584441e-06    -722.820983    -722.823549
183 2.697929e-06    -722.820989    -722.822632
184 1.145587e-06    -722.820995    -722.822065
185 1.358861e-06    -722.820998    -722.822164
186 3.213863e-06    -722.821000    -722.822793
187 6.022974e-06    -722.821001    -722.823455
188 6.815585e-06    -722.821000    -722.823611
189 3.959139e-06    -722.820999    -722.822989
190 4.816659e-07    -722.820998    -722.821692
191 8.062517e-07    -722.820997    -722.820099
192 5.416594e-06    -722.820996    -722.818669
193 1.046873e-05    -722.820997    -722.817761
194 1.192062e-05    -722.820998    -722.817545
195 9.118329e-06    -722.821000    -722.817980
196 4.573409e-06    -722.821003    -722.818864
197 1.236691e-06    -722.821006    -722.819894
198 5.188551e-08    -722.821010    -722.820782
199 1.375229e-07    -722.821013    -722.821384

0 2.147527e-06    -722.821348    -722.819883
1 2.202482e-06    -722.821346    -722.819862
2 2.447690e-06    -722.821344    -722.819779
3 2.571403e-06    -722.821348    -722.819744
4 2.303346e-06    -722.821346    -722.819828
5 1.673354e-06    -722.821345    -722.820051
6 9.185702e-07    -722.821344    -722.820386
7 3.296907e-07    -722.821345    -722.820771
8 4.313640e-08    -722.821347    -722.821139
9 1.819175e-08    -722.821342    -722.821477
10 2.778221e-07    -722.821344    -722.821871
11 1.245216e-06    -722.821345    -722.822461
12 3.801349e-06    -722.821345    -722.823295
13 8.121168e-06    -722.821344    -722.824194
14 1.181372e-05    -722.821342    -722.824779
15 1.129358e-05    -722.821338    -722.824699
16 6.507416e-06    -722.821334    -722.823885
17 1.729042e-06    -722.821329    -722.822644
18 3.579194e-08    -722.821324    -722.821513
19 1.243083e-07    -722.821319    -722.820966
20 2.485865e-08    -722.821314    -722.821156
21 2.997338e-07    -722.821316    -722.821863
22 1.792618e-06    -722.821312    -722.822651
23 3.158485e-06    -722.821310    -722.823087
24 2.564551e-06    -722.821309    -722.822910
25 5.619713e-07    -722.821308    -722.822058
26 3.514150e-07    -722.821309    -722.820716
27 4.184041e-06    -722.821309    -722.819264
28 9.752779e-06    -722.821310    -722.818187
29 1.185942e-05    -722.821310    -722.817866
30 8.606528e-06    -722.821309    -722.818375
31 3.654811e-06    -722.821307    -722.819395
32 8.265643e-07    -722.821304    -722.820395
33 1.625808e-07    -722.821301    -722.820898
34 3.872440e-07    -722.821298    -722.820676
35 2.273228e-06    -722.821296    -722.819788
36 7.749540e-06    -722.821294    -722.818510
37 1.647348e-05    -722.821293    -722.817234
38 2.431244e-05    -722.821293    -722.816362
39 2.595858e-05    -722.821294    -722.816199
40 1.987712e-05    -722.821296    -722.816838
41 1.027185e-05    -722.821300    -722.818095
42 3.022586e-06    -722.821305    -722.819566
43 2.408893e-07    -722.821310    -722.820819
44 9.105127e-08    -722.821315    -722.821617
45 5.135411e-07    -722.821320    -722.822037
46 1.059427e-06    -722.821325    -722.822354
47 2.134715e-06    -722.821328    -722.822789
48 3.968264e-06    -722.821330    -722.823322
49 5.794110e-06    -722.821331    -722.823738
50 6.314677e-06    -722.821331    -722.823844
51 5.290457e-06    -722.821331    -722.823631
52 3.749332e-06    -722.821331    -722.823267
53 2.673994e-06    -722.821331    -722.822966
54 2.287890e-06    -722.821331    -722.822844
55 2.310826e-06    -722.821333    -722.822853
56 2.204626e-06    -722.821335    -722.822820
57 1.467809e-06    -722.821338    -722.822550
58 3.641541e-07    -722.821343    -722.821946
59 8.132617e-08    -722.821347    -722.821062
60 1.579906e-06    -722.821352    -722.820095
61 4.273803e-06    -722.821356    -722.819289
62 5.971874e-06    -722.821360    -722.818916
63 4.989566e-06    -722.821362    -722.819128
64 2.283141e-06    -722.821362    -722.819851
65 3.630544e-07    -722.821361    -722.820758
66 8.081593e-10    -722.821358    -722.821386
67 7.009287e-10    -722.821354    -722.821380
68 4.568447e-07    -722.821349    -722.820673
69 3.423250e-06    -722.821344    -722.819494
70 9.633980e-06    -722.821340    -722.818236
71 1.637216e-05    -722.821336    -722.817290
72 1.957744e-05    -722.821334    -722.816909
73 1.739898e-05    -722.821332    -722.817161
74 1.156695e-05    -722.821332    -722.817931
75 5.616944e-06    -722.821333    -722.818963
76 1.965443e-06    -722.821335    -722.819933
77 6.503312e-07    -722.821337    -722.820531
78 4.568970e-07    -722.821340    -722.820664
79 6.623779e-07    -722.821342    -722.820528
80 6.187882e-07    -722.821343    -722.820556
81 3.756862e-08    -722.821342    -722.821148
82 1.031633e-06    -722.821339    -722.822355
83 6.099822e-06    -722.821335    -722.823805
84 1.303251e-05    -722.821330    -722.824940
85 1.626513e-05    -722.821324    -722.825357
86 1.357243e-05    -722.821318    -722.825002
87 8.007596e-06    -722.821312    -722.824142
88 3.491823e-06    -722.821307    -722.823176
89 1.323288e-06    -722.821304    -722.822454
90 7.492862e-07    -722.821301    -722.822167
91 1.051264e-06    -722.821301    -722.822326
92 2.236327e-06    -722.821302    -722.822797
93 4.056787e-06    -722.821304    -722.823318
94 5.404660e-06    -722.821307    -722.823632
95 5.035047e-06    -722.821311    -722.823555
96 3.147359e-06    -722.821315    -722.823089
97 1.236581e-06    -722.821318    -722.822430
98 2.624012e-07    -722.821320    -722.821832
99 9.822250e-09    -722.821320    -722.821419
100 3.856160e-08    -722.821318    -722.821122
101 2.615242e-07    -722.821315    -722.820804
102 8.034422e-07    -722.821311    -722.820415
103 1.640220e-06    -722.821307    -722.820026
104 2.467962e-06    -722.821302    -722.819731
105 3.012376e-06    -722.821298    -722.819562
106 3.283635e-06    -722.821294    -722.819482
107 3.477196e-06    -722.821292    -722.819427
108 3.762915e-06    -722.821291    -722.819351
109 4.212846e-06    -722.821292    -722.819239
110 4.883240e-06    -722.821294    -722.819084
111 5.863566e-06    -722.821297    -722.818876
112 7.135185e-06    -722.821302    -722.818631
113 7.999138e-06    -722.821301    -722.818473
114 7.373370e-06    -722.821306    -722.818591
115 4.643798e-06    -722.821311    -722.819156
116 1.410334e-06    -722.821315    -722.820127
117 2.564599e-08    -722.821317    -722.821157
118 1.732813e-07    -722.821319    -722.821735
119 2.574294e-08    -722.821320    -722.821480
120 8.777866e-07    -722.821320    -722.820383
121 6.125941e-06    -722.821320    -722.818845
122 1.460237e-05    -722.821320    -722.817499
123 1.944695e-05    -722.821321    -722.816911
124 1.584821e-05    -722.821322    -722.817341
125 7.133290e-06    -722.821324    -722.818653
126 8.127328e-07    -722.821327    -722.820425
127 6.527240e-07    -722.821330    -722.822138
128 4.135456e-06    -722.821334    -722.823368
129 6.613906e-06    -722.821339    -722.823911
130 6.189232e-06    -722.821344    -722.823832
131 4.364940e-06    -722.821349    -722.823438
132 3.209388e-06    -722.821353    -722.823144
133 3.567666e-06    -722.821355    -722.823244
134 5.747546e-06    -722.821357    -722.823754
135 9.394882e-06    -722.821357    -722.824422
136 1.268554e-05    -722.821356    -722.824918
137 1.342325e-05    -722.821355    -722.825019
138 1.106270e-05    -722.821354    -722.824680
139 6.991998e-06    -722.821353    -722.823997
140 3.161473e-06    -722.821352    -722.823130
141 8.488379e-07    -722.821352    -722.822273
142 7.669662e-08    -722.821352    -722.821629
143 4.362164e-10    -722.821353    -722.821374
144 4.336641e-08    -722.821355    -722.821563
145 5.129938e-07    -722.821357    -722.822073
146 1.654289e-06    -722.821359    -722.822645
147 2.841072e-06    -722.821360    -722.823046
148 3.484828e-06    -722.821361    -722.823228
149 3.858306e-06    -722.821361    -722.823325
150 4.525161e-06    -722.821359    -722.823486
151 5.478982e-06    -722.821355    -722.823696
152 5.907167e-06    -722.821351    -722.823781
153 4.973269e-06    -722.821345    -722.823575
154 3.048912e-06    -722.821339    -722.823085
155 1.411609e-06    -722.821333    -722.822521
156 7.202586e-07    -722.821327    -722.822176
157 9.091450e-07    -722.821323    -722.822276
158 2.372472e-06    -722.821319    -722.822859
159 5.962771e-06    -722.821316    -722.823758
160 1.129095e-05    -722.821315    -722.824675
161 1.588267e-05    -722.821315    -722.825300
162 1.700245e-05    -722.821316    -722.825439
163 1.426462e-05    -722.821317    -722.825094
164 9.961289e-06    -722.821319    -722.824475
165 6.743601e-06    -722.821320    -722.823917
166 5.742885e-06    -722.821321    -722.823717
167 6.965610e-06    -722.821320    -722.823959
168 9.655718e-06    -722.821318    -722.824425
169 1.151663e-05    -722.821314    -722.824708
170 9.894914e-06    -722.821310    -722.824456
171 5.179668e-06    -722.821306    -722.823582
172 1.003863e-06    -722.821302    -722.822304
173 7.767843e-08    -722.821299    -722.821020
174 1.346546e-06    -722.821296    -722.820136
175 1.913985e-06    -722.821295    -722.819912
176 8.119891e-07    -722.821296    -722.820395
177 1.627546e-08    -722.821298    -722.821426
178 1.930963e-06    -722.821302    -722.822692
179 6.225629e-06    -722.821308    -722.823803
180 9.520426e-06    -722.821314    -722.824400
181 8.745657e-06    -722.821322    -722.824279
182 4.928957e-06    -722.821329    -722.823549
183 1.681292e-06    -722.821335    -722.822632
184 5.247991e-07    -722.821341    -722.822065
185 6.720900e-07    -722.821344    -722.822164
186 2.093329e-06    -722.821346    -722.822793
187 4.444861e-06    -722.821347    -722.823455
188 5.129213e-06    -722.821346    -722.823611
189 2.702301e-06    -722.821345    -722.822989
190 1.211949e-07    -722.821344    -722.821692
191 1.547054e-06    -722.821343    -722.820099
192 7.146258e-06    -722.821342    -722.818669
193 1.282666e-05    -722.821342    -722.817761
194 1.442872e-05    -722.821344    -722.817545
195 1.132691e-05    -722.821346    -722.817980
196 6.172461e-06    -722.821348    -722.818864
197 2.125639e-06    -722.821352    -722.819894
198 3.291028e-07    -722.821356    -722.820782
199 6.224936e-10    -722.821359    -722.821384

0 2.513826e-06    -722.821469    -722.819883
1 2.573255e-06    -722.821466    -722.819862
2 2.837777e-06    -722.821464    -722.819779
3 2.970866e-06    -722.821468    -722.819744
4 2.682188e-06    -722.821466    -722.819828
5 1.998385e-06    -722.821465    -722.820051
6 1.163122e-06    -722.821464    -722.820386
7 4.819799e-07    -722.821465    -722.820771
8 1.074225e-07    -722.821467    -722.821139
9 2.195162e-10    -722.821462    -722.821477
10 1.656715e-07    -722.821464    -722.821871
11 9.916804e-07    -722.821465    -722.822461
12 3.347597e-06    -722.821465    -722.823295
13 7.451293e-06    -722.821464    -722.824194
14 1.100281e-05    -722.821462    -722.824779
15 1.050104e-05    -722.821458    -722.824699
16 5.909290e-06    -722.821454    -722.823885
17 1.427714e-06    -722.821449    -722.822644
18 4.778520e-09    -722.821444    -722.821513
19 2.233834e-07    -722.821439    -722.820966
20 7.713229e-08    -722.821434    -722.821156
21 1.826868e-07    -722.821436    -722.821863
22 1.485537e-06    -722.821432    -722.822651
23 2.746153e-06    -722.821430    -722.823087
24 2.194430e-06    -722.821429    -722.822910
25 3.963795e-07    -722.821428    -722.822058
26 5.081742e-07    -722.821429    -722.820716
27 4.689622e-06    -722.821430    -722.819264
28 1.051708e-05    -722.821430    -722.818187
29 1.270076e-05    -722.821430    -722.817866
30 9.325384e-06    -722.821429    -722.818375
31 4.128279e-06    -722.821427    -722.819395
32 1.059287e-06    -722.821424    -722.820395
33 2.738155e-07    -722.821421    -722.820898
34 5.510836e-07    -722.821418    -722.820676
35 2.649679e-06    -722.821416    -722.819788
36 8.432404e-06    -722.821414    -722.818510
37 1.746249e-05    -722.821413    -722.817234
38 2.551083e-05    -722.821413    -722.816362
39 2.719640e-05    -722.821414    -722.816199
40 2.096209e-05    -722.821416    -722.816838
41 1.105585e-05    -722.821420    -722.818095
42 3.454466e-06    -722.821425    -722.819566
43 3.731567e-07    -722.821430    -722.820819
44 3.300991e-08    -722.821435    -722.821617
45 3.558804e-07    -722.821440    -722.822037
46 8.266883e-07    -722.821445    -722.822354
47 1.798296e-06    -722.821448    -722.822789
48 3.504344e-06    -722.821450    -722.823322
49 5.230529e-06    -722.821451    -722.823738
50 5.725690e-06    -722.821451    -722.823844
51 4.752569e-06    -722.821451    -722.823631
52 3.298794e-06    -722.821451    -722.823267
53 2.295753e-06    -722.821451    -722.822966
54 1.939103e-06    -722.821451    -722.822844
55 1.960222e-06    -722.821453    -722.822853
56 1.862509e-06    -722.821455    -722.822820
57 1.191309e-06    -722.821459    -722.822550
58 2.336669e-07    -722.821463    -722.821946
59 1.642180e-07    -722.821467    -722.821062
60 1.896140e-06    -722.821472    -722.820095
61 4.784625e-06    -722.821476    -722.819289
62 6.573084e-06    -722.821480    -722.818916
63 5.540348e-06    -722.821482    -722.819128
64 2.660381e-06    -722.821482    -722.819851
65 5.221518e-07    -722.821481    -722.820758
66 8.396534e-09    -722.821478    -722.821386
67 8.758281e-09    -722.821474    -722.821380
68 6.335580e-07    -722.821469    -722.820673
69 3.881938e-06    -722.821464    -722.819494
70 1.039370e-05    -722.821460    -722.818236
71 1.735816e-05    -722.821456    -722.817290
72 2.065431e-05    -722.821454    -722.816909
73 1.841499e-05    -722.821452    -722.817161
74 1.239802e-05    -722.821452    -722.817931
75 6.200449e-06    -722.821453    -722.818963
76 2.316494e-06    -722.821455    -722.819933
77 8.583872e-07    -722.821457    -722.820531
78 6.336197e-07    -722.821460    -722.820664
79 8.722191e-07    -722.821462    -722.820528
80 8.220897e-07    -722.821463    -722.820556
81 9.852505e-08    -722.821462    -722.821148
82 8.021575e-07    -722.821459    -722.822355
83 5.521189e-06    -722.821455    -722.823805
84 1.218008e-05    -722.821450    -722.824940
85 1.531113e-05    -722.821444    -722.825357
86 1.270222e-05    -722.821438    -722.825002
87 7.342522e-06    -722.821432    -722.824142
88 3.057536e-06    -722.821427    -722.823176
89 1.061480e-06    -722.821424    -722.822454
90 5.558485e-07    -722.821421    -722.822167
91 8.194795e-07    -722.821421    -722.822326
92 1.891655e-06    -722.821422    -722.822797
93 3.587562e-06    -722.821424    -722.823318
94 4.860842e-06    -722.821427    -722.823632
95 4.510655e-06    -722.821431    -722.823555
96 2.735779e-06    -722.821435    -722.823089
97 9.839766e-07    -722.821438    -722.822430
98 1.538133e-07    -722.821440    -722.821832
99 4.390478e-10    -722.821440    -722.821419
100 1.001291e-07    -722.821438    -722.821122
101 3.987355e-07    -722.821435    -722.820804
102 1.033089e-06    -722.821431    -722.820415
103 1.962161e-06    -722.821427    -722.820026
104 2.859601e-06    -722.821422    -722.819731
105 3.443550e-06    -722.821418    -722.819562
106 3.733169e-06    -722.821414    -722.819482
107 3.939371e-06    -722.821412    -722.819427
108 4.243123e-06    -722.821411    -722.819351
109 4.720116e-06    -722.821412    -722.819239
110 5.428276e-06    -722.821414    -722.819084
111 6.459430e-06    -722.821418    -722.818876
112 7.791006e-06    -722.821422    -722.818631
113 8.692682e-06    -722.821421    -722.818473
114 8.039809e-06    -722.821426    -722.818591
115 5.175661e-06    -722.821431    -722.819156
116 1.709911e-06    -722.821435    -722.820127
117 7.851449e-08    -722.821437    -722.821157
118 8.774038e-08    -722.821439    -722.821735
119 1.630975e-09    -722.821440    -722.821480
120 1.117172e-06    -722.821440    -722.820383
121 6.734671e-06    -722.821440    -722.818845
122 1.553436e-05    -722.821440    -722.817499
123 2.052027e-05    -722.821441    -722.816911
124 1.681854e-05    -722.821442    -722.817341
125 7.789026e-06    -722.821444    -722.818653
126 1.043621e-06    -722.821447    -722.820425
127 4.731412e-07    -722.821450    -722.822138
128 3.661564e-06    -722.821454    -722.823368
129 6.010788e-06    -722.821459    -722.823911
130 5.606268e-06    -722.821464    -722.823832
131 3.877682e-06    -722.821469    -722.823438
132 2.793631e-06    -722.821473    -722.823144
133 3.128533e-06    -722.821475    -722.823244
134 5.186293e-06    -722.821477    -722.823754
135 8.673298e-06    -722.821477    -722.824422
136 1.184472e-05    -722.821476    -722.824918
137 1.255791e-05    -722.821475    -722.825019
138 1.027845e-05    -722.821474    -722.824680
139 6.371474e-06    -722.821473    -722.823997
140 2.748939e-06    -722.821472    -722.823130
141 6.420228e-07    -722.821472    -722.822273
142 2.461159e-08    -722.821472    -722.821629
143 9.835670e-09    -722.821473    -722.821374
144 7.776647e-09    -722.821475    -722.821563
145 3.554248e-07    -722.821477    -722.822073
146 1.359862e-06    -722.821479    -722.822645
147 2.450750e-06    -722.821481    -722.823046
148 3.050992e-06    -722.821481    -722.823228
149 3.401060e-06    -722.821481    -722.823325
150 4.028779e-06    -722.821479    -722.823486
151 4.931339e-06    -722.821475    -722.823696
152 5.337975e-06    -722.821471    -722.823781
153 4.452193e-06    -722.821465    -722.823575
154 2.644047e-06    -722.821459    -722.823085
155 1.140732e-06    -722.821453    -722.822521
156 5.308868e-07    -722.821447    -722.822176
157 6.946059e-07    -722.821443    -722.822276
158 2.017031e-06    -722.821439    -722.822859
159 5.390839e-06    -722.821436    -722.823758
160 1.049851e-05    -722.821435    -722.824675
161 1.494013e-05    -722.821435    -722.825300
162 1.602674e-05    -722.821436    -722.825439
163 1.337213e-05    -722.821437    -722.825094
164 9.217844e-06    -722.821439    -722.824475
165 6.134458e-06    -722.821440    -722.823917
166 5.181865e-06    -722.821441    -722.823717
167 6.346286e-06    -722.821440    -722.823959
168 8.923987e-06    -722.821438    -722.824425
169 1.071616e-05    -722.821434    -722.824708
170 9.153999e-06    -722.821430    -722.824456
171 4.647593e-06    -722.821426    -722.823582
172 7.776932e-07    -722.821422    -722.822304
173 1.590169e-07    -722.821419    -722.821020
174 1.639599e-06    -722.821416    -722.820136
175 2.260600e-06    -722.821416    -722.819912
176 1.042778e-06    -722.821416    -722.820395
177 5.646875e-11    -722.821418    -722.821426
178 1.611707e-06    -722.821422    -722.822692
179 5.640911e-06    -722.821428    -722.823803
180 8.793941e-06    -722.821435    -722.824400
181 8.049959e-06    -722.821442    -722.824279
182 4.410272e-06    -722.821449    -722.823549
183 1.384354e-06    -722.821455    -722.822632
184 3.652624e-07    -722.821461    -722.822065
185 4.896503e-07    -722.821464    -722.822164
186 1.760327e-06    -722.821466    -722.822793
187 3.953032e-06    -722.821467    -722.823455
188 4.599806e-06    -722.821466    -722.823611
189 2.321987e-06    -722.821465    -722.822989
190 5.201585e-08    -722.821464    -722.821692
191 1.860133e-06    -722.821463    -722.820099
192 7.802577e-06    -722.821462    -722.818669
193 1.370106e-05    -722.821462    -722.817761
194 1.535524e-05    -722.821464    -722.817545
195 1.214947e-05    -722.821466    -722.817980
196 6.783444e-06    -722.821469    -722.818864
197 2.490140e-06    -722.821472    -722.819894
198 4.812691e-07    -722.821476    -722.820782
199 9.046087e-09    -722.821479    -722.821384

0 2.647710e-06    -722.821510    -722.819883
1 2.708692e-06    -722.821508    -722.819862
2 2.979918e-06    -722.821505    -722.819779
3 3.116263e-06    -722.821509    -722.819744
4 2.820426e-06    -722.821507    -722.819828
5 2.117945e-06    -722.821506    -722.820051
6 1.254748e-06    -722.821506    -722.820386
7 5.415804e-07    -722.821507    -722.820771
8 1.364767e-07    -722.821508    -722.821139
9 7.213348e-10    -722.821504    -722.821477
10 1.334834e-07    -722.821506    -722.821871
11 9.104170e-07    -722.821507    -722.822461
12 3.196838e-06    -722.821507    -722.823295
13 7.225515e-06    -722.821506    -722.824194
14 1.072808e-05    -722.821504    -722.824779
15 1.023269e-05    -722.821500    -722.824699
16 5.708417e-06    -722.821496    -722.823885
17 1.329861e-06    -722.821491    -722.822644
18 7.536718e-10    -722.821486    -722.821513
19 2.645130e-07    -722.821480    -722.820966
20 1.020168e-07    -722.821475    -722.821156
21 1.487992e-07    -722.821477    -722.821863
22 1.385688e-06    -722.821474    -722.822651
23 2.609770e-06    -722.821472    -722.823087
24 2.072699e-06    -722.821470    -722.822910
25 3.456417e-07    -722.821470    -722.822058
26 5.693263e-07    -722.821471    -722.820716
27 4.871852e-06    -722.821471    -722.819264
28 1.078911e-05    -722.821472    -722.818187
29 1.299953e-05    -722.821471    -722.817866
30 9.581643e-06    -722.821470    -722.818375
31 4.299362e-06    -722.821468    -722.819395
32 1.146806e-06    -722.821466    -722.820395
33 3.191658e-07    -722.821463    -722.820898
34 6.146934e-07    -722.821460    -722.820676
35 2.787087e-06    -722.821457    -722.819788
36 8.676171e-06    -722.821456    -722.818510
37 1.781252e-05    -722.821454    -722.817234
38 2.593354e-05    -722.821454    -722.816362
39 2.763279e-05    -722.821456    -722.816199
40 2.134543e-05    -722.821458    -722.816838
41 1.133472e-05    -722.821462    -722.818095
42 3.611114e-06    -722.821466    -722.819566
43 4.258075e-07    -722.821472    -722.820819
44 1.960351e-08    -722.821477    -722.821617
45 3.078955e-07    -722.821482    -722.822037
46 7.526435e-07    -722.821486    -722.822354
47 1.688263e-06    -722.821490    -722.822789
48 3.350055e-06    -722.821492    -722.823322
49 5.041647e-06    -722.821493    -722.823738
50 5.527989e-06    -722.821493    -722.823844
51 4.572605e-06    -722.821493    -722.823631
52 3.149150e-06    -722.821492    -722.823267
53 2.171204e-06    -722.821492    -722.822966
54 1.824777e-06    -722.821493    -722.822844
55 1.845266e-06    -722.821495    -722.822853
56 1.750498e-06    -722.821497    -722.822820
57 1.102074e-06    -722.821500    -722.822550
58 1.951142e-07    -722.821504    -722.821946
59 1.997303e-07    -722.821509    -722.821062
60 2.012646e-06    -722.821514    -722.820095
61 4.968674e-06    -722.821518    -722.819289
62 6.788507e-06    -722.821521    -722.818916
63 5.738268e-06    -722.821523    -722.819128
64 2.798063e-06    -722.821524    -722.819851
65 5.841154e-07    -722.821522    -722.820758
66 1.777059e-08    -722.821519    -722.821386
67 1.829512e-08    -722.821515    -722.821380
68 7.016363e-07    -722.821511    -722.820673
69 4.047891e-06    -722.821506    -722.819494
70 1.066414e-05    -722.821502    -722.818236
71 1.770715e-05    -722.821498    -722.817290
72 2.103483e-05    -722.821495    -722.816909
73 1.877439e-05    -722.821494    -722.817161
74 1.269323e-05    -722.821494    -722.817931
75 6.409727e-06    -722.821495    -722.818963
76 2.445086e-06    -722.821497    -722.819933
77 9.373447e-07    -722.821499    -722.820531
78 7.017012e-07    -722.821502    -722.820664
79 9.517963e-07    -722.821504    -722.820528
80 8.993969e-07    -722.821504    -722.820556
81 1.264235e-07    -722.821504    -722.821148
82 7.292455e-07    -722.821501    -722.822355
83 5.327082e-06    -722.821497    -722.823805
84 1.189093e-05    -722.821492    -722.824940
85 1.498673e-05    -722.821486    -722.825357
86 1.240690e-05    -722.821480    -722.825002
87 7.118411e-06    -722.821474    -722.824142
88 2.913533e-06    -722.821469    -722.823176
89 9.773457e-07    -722.821465    -722.822454
90 4.954453e-07    -722.821463    -722.822167
91 7.457658e-07    -722.821462    -722.822326
92 1.778758e-06    -722.821463    -722.822797
93 3.431431e-06    -722.821466    -722.823318
94 4.678820e-06    -722.821469    -722.823632
95 4.335376e-06    -722.821473    -722.823555
96 2.599657e-06    -722.821477    -722.823089
97 9.030362e-07    -722.821480    -722.822430
98 1.228619e-07    -722.821481    -722.821832
99 3.922169e-09    -722.821482    -722.821419
100 1.282396e-07    -722.821480    -722.821122
101 4.531024e-07    -722.821477    -722.820804
102 1.119541e-06    -722.821473    -722.820415
103 2.080648e-06    -722.821468    -722.820026
104 3.002281e-06    -722.821464    -722.819731
105 3.599953e-06    -722.821459    -722.819562
106 3.895945e-06    -722.821456    -722.819482
107 4.106534e-06    -722.821453    -722.819427
108 4.416546e-06    -722.821453    -722.819351
109 4.902932e-06    -722.821453    -722.819239
110 5.624201e-06    -722.821456    -722.819084
111 6.672998e-06    -722.821459    -722.818876
112 8.025386e-06    -722.821464    -722.818631
113 8.940155e-06    -722.821463    -722.818473
114 8.277874e-06    -722.821468    -722.818591
115 5.367014e-06    -722.821473    -722.819156
116 1.820636e-06    -722.821476    -722.820127
117 1.036055e-07    -722.821479    -722.821157
118 6.478871e-08    -722.821480    -722.821735
119 1.660029e-12    -722.821481    -722.821480
120 1.207004e-06    -722.821482    -722.820383
121 6.952705e-06    -722.821482    -722.818845
122 1.586460e-05    -722.821482    -722.817499
123 2.089957e-05    -722.821483    -722.816911
124 1.716209e-05    -722.821484    -722.817341
125 8.023376e-06    -722.821486    -722.818653
126 1.130504e-06    -722.821488    -722.820425
127 4.175471e-07    -722.821492    -722.822138
128 3.503813e-06    -722.821496    -722.823368
129 5.808182e-06    -722.821501    -722.823911
130 5.410658e-06    -722.821506    -722.823832
131 3.715293e-06    -722.821510    -722.823438
132 2.656059e-06    -722.821514    -722.823144
133 2.982847e-06    -722.821517    -722.823244
134 4.998219e-06    -722.821518    -722.823754
135 8.429573e-06    -722.821519    -722.824422
136 1.155960e-05    -722.821518    -722.824918
137 1.226429e-05    -722.821517    -722.825019
138 1.001298e-05    -722.821516    -722.824680
139 6.162826e-06    -722.821514    -722.823997
140 2.612486e-06    -722.821514    -722.823130
141 5.769762e-07    -722.821513    -722.822273
142 1.327266e-08    -722.821514    -722.821629
143 1.983836e-08    -722.821515    -722.821374
144 2.163323e-09    -722.821516    -722.821563
145 3.074717e-07    -722.821518    -722.822073
146 1.264404e-06    -722.821521    -722.822645
147 2.322007e-06    -722.821522    -722.823046
148 2.907144e-06    -722.821523    -722.823228
149 3.249088e-06    -722.821522    -722.823325
150 3.863222e-06    -722.821520    -722.823486
151 4.747989e-06    -722.821517    -722.823696
152 5.147145e-06    -722.821512    -722.823781
153 4.278064e-06    -722.821507    -722.823575
154 2.510257e-06    -722.821501    -722.823085
155 1.053450e-06    -722.821495    -722.822521
156 4.718948e-07    -722.821489    -722.822176
157 6.268783e-07    -722.821484    -722.822276
158 1.900396e-06    -722.821480    -722.822859
159 5.199058e-06    -722.821478    -722.823758
160 1.023019e-05    -722.821477    -722.824675
161 1.461970e-05    -722.821476    -722.825300
162 1.569481e-05    -722.821477    -722.825439
163 1.306908e-05    -722.821479    -722.825094
164 8.966531e-06    -722.821481    -722.824475
165 5.929761e-06    -722.821482    -722.823917
166 4.993872e-06    -722.821482    -722.823717
167 6.138055e-06    -722.821481    -722.823959
168 8.676740e-06    -722.821479    -722.824425
169 1.044506e-05    -722.821476    -722.824708
170 8.903563e-06    -722.821472    -722.824456
171 4.469647e-06    -722.821468    -722.823582
172 7.059283e-07    -722.821464    -722.822304
173 1.939900e-07    -722.821460    -722.821020
174 1.748060e-06    -722.821458    -722.820136
175 2.387652e-06    -722.821457    -722.819912
176 1.129626e-06    -722.821458    -722.820395
177 1.166850e-09    -722.821460    -722.821426
178 1.507632e-06    -722.821464    -722.822692
179 5.444693e-06    -722.821470    -722.823803
180 8.548514e-06    -722.821476    -722.824400
181 7.815218e-06    -722.821483    -722.824279
182 4.236974e-06    -722.821491    -722.823549
183 1.288025e-06    -722.821497    -722.822632
184 3.166265e-07    -722.821502    -722.822065
185 4.330646e-07    -722.821506    -722.822164
186 1.651481e-06    -722.821508    -722.822793
187 3.789055e-06    -722.821508    -722.823455
188 4.422786e-06    -722.821508    -722.823611
189 2.196718e-06    -722.821507    -722.822989
190 3.474349e-08    -722.821506    -722.821692
191 1.975545e-06    -722.821505    -722.820099
192 8.037130e-06    -722.821504    -722.818669
193 1.401131e-05    -722.821504    -722.817761
194 1.568359e-05    -722.821505    -722.817545
195 1.244172e-05    -722.821507    -722.817980
196 7.002260e-06    -722.821510    -722.818864
197 2.623401e-06    -722.821514    -722.819894
198 5.408269e-07    -722.821517    -722.820782
199 1.871005e-08    -722.821521    -722.821384

0 2.694995e-06    -722.821525    -722.819883
1 2.756516e-06    -722.821522    -722.819862
2 3.030069e-06    -722.821520    -722.819779
3 3.167542e-06    -722.821524    -722.819744
4 2.869221e-06    -722.821522    -722.819828
5 2.160257e-06    -722.821521    -722.820051
6 1.287363e-06    -722.821521    -722.820386
7 5.630802e-07    -722.821521    -722.820771
8 1.473736e-07    -722.821523    -722.821139
9 1.707580e-09    -722.821518    -722.821477
10 1.231229e-07    -722.821520    -722.821871
11 8.830221e-07    -722.821521    -722.822461
12 3.145320e-06    -722.821521    -722.823295
13 7.147959e-06    -722.821520    -722.824194
14 1.063353e-05    -722.821518    -722.824779
15 1.014036e-05    -722.821515    -722.824699
16 5.639505e-06    -722.821510    -722.823885
17 1.296708e-06    -722.821505    -722.822644
18 1.686853e-10    -722.821500    -722.821513
19 2.796014e-07    -722.821495    -722.820966
20 1.114665e-07    -722.821490    -722.821156
21 1.378487e-07    -722.821492    -722.821863
22 1.351842e-06    -722.821488    -722.822651
23 2.563243e-06    -722.821486    -722.823087
24 2.031257e-06    -722.821485    -722.822910
25 3.288424e-07    -722.821485    -722.822058
26 5.913646e-07    -722.821485    -722.820716
27 4.935917e-06    -722.821486    -722.819264
28 1.088435e-05    -722.821486    -722.818187
29 1.310405e-05    -722.821486    -722.817866
30 9.671404e-06    -722.821485    -722.818375
31 4.359559e-06    -722.821483    -722.819395
32 1.177997e-06    -722.821480    -722.820395
33 3.357192e-07    -722.821477    -722.820898
34 6.375847e-07    -722.821474    -722.820676
35 2.835594e-06    -722.821472    -722.819788
36 8.761595e-06    -722.821470    -722.818510
37 1.793483e-05    -722.821469    -722.817234
38 2.608108e-05    -722.821469    -722.816362
39 2.778508e-05    -722.821470    -722.816199
40 2.147930e-05    -722.821473    -722.816838
41 1.143233e-05    -722.821476    -722.818095
42 3.666299e-06    -722.821481    -722.819566
43 4.448949e-07    -722.821486    -722.820819
44 1.576214e-08    -722.821491    -722.821617
45 2.920518e-07    -722.821497    -722.822037
46 7.277542e-07    -722.821501    -722.822354
47 1.650882e-06    -722.821504    -722.822789
48 3.297313e-06    -722.821506    -722.823322
49 4.976897e-06    -722.821507    -722.823738
50 5.460178e-06    -722.821507    -722.823844
51 4.510950e-06    -722.821507    -722.823631
52 3.098020e-06    -722.821507    -722.823267
53 2.128784e-06    -722.821507    -722.822966
54 1.785905e-06    -722.821508    -722.822844
55 1.806176e-06    -722.821509    -722.822853
56 1.712431e-06    -722.821511    -722.822820
57 1.071912e-06    -722.821515    -722.822550
58 1.825444e-07    -722.821519    -722.821946
59 2.128689e-07    -722.821523    -722.821062
60 2.053898e-06    -722.821528    -722.820095
61 5.033371e-06    -722.821533    -722.819289
62 6.864094e-06    -722.821536    -722.818916
63 5.807779e-06    -722.821538    -722.819128
64 2.846666e-06    -722.821538    -722.819851
65 6.064354e-07    -722.821537    -722.820758
66 2.183643e-08    -722.821534    -722.821386
67 2.241747e-08    -722.821530    -722.821380
68 7.260787e-07    -722.821525    -722.820673
69 4.106306e-06    -722.821520    -722.819494
70 1.075883e-05    -722.821516    -722.818236
71 1.782910e-05    -722.821512    -722.817290
72 2.116773e-05    -722.821510    -722.816909
73 1.889995e-05    -722.821508    -722.817161
74 1.279651e-05    -722.821508    -722.817931
75 6.483180e-06    -722.821509    -722.818963
76 2.490533e-06    -722.821511    -722.819933
77 9.655634e-07    -722.821514    -722.820531
78 7.261447e-07    -722.821516    -722.820664
79 9.802301e-07    -722.821518    -722.820528
80 9.270427e-07    -722.821519    -722.820556
81 1.369192e-07    -722.821518    -722.821148
82 7.047494e-07    -722.821516    -722.822355
83 5.260519e-06    -722.821511    -722.823805
84 1.179138e-05    -722.821506    -722.824940
85 1.487494e-05    -722.821500    -722.825357
86 1.230521e-05    -722.821494    -722.825002
87 7.041433e-06    -722.821488    -722.824142
88 2.864361e-06    -722.821484    -722.823176
89 9.489541e-07    -722.821480    -722.822454
90 4.752910e-07    -722.821478    -722.822167
91 7.209914e-07    -722.821477    -722.822326
92 1.740383e-06    -722.821478    -722.822797
93 3.378049e-06    -722.821480    -722.823318
94 4.616451e-06    -722.821483    -722.823632
95 4.275348e-06    -722.821487    -722.823555
96 2.553221e-06    -722.821491    -722.823089
97 8.757534e-07    -722.821494    -722.822430
98 1.129306e-07    -722.821496    -722.821832
99 5.943241e-09    -722.821496    -722.821419
100 1.388090e-07    -722.821495    -722.821122
101 4.727855e-07    -722.821492    -722.820804
102 1.150361e-06    -722.821488    -722.820415
103 2.122588e-06    -722.821483    -722.820026
104 3.052618e-06    -722.821478    -722.819731
105 3.655053e-06    -722.821474    -722.819562
106 3.953257e-06    -722.821470    -722.819482
107 4.165370e-06    -722.821468    -722.819427
108 4.477554e-06    -722.821467    -722.819351
109 4.967200e-06    -722.821468    -722.819239
110 5.693020e-06    -722.821470    -722.819084
111 6.747941e-06    -722.821474    -722.818876
112 8.107552e-06    -722.821478    -722.818631
113 9.026866e-06    -722.821477    -722.818473
114 8.361320e-06    -722.821483    -722.818591
115 5.434246e-06    -722.821487    -722.819156
116 1.859881e-06    -722.821491    -722.820127
117 1.131268e-07    -722.821493    -722.821157
118 5.763412e-08    -722.821495    -722.821735
119 2.481763e-10    -722.821496    -722.821480
120 1.238997e-06    -722.821496    -722.820383
121 7.029198e-06    -722.821496    -722.818845
122 1.598004e-05    -722.821497    -722.817499
123 2.103204e-05    -722.821497    -722.816911
124 1.728215e-05    -722.821498    -722.817341
125 8.105532e-06    -722.821500    -722.818653
126 1.161473e-06    -722.821503    -722.820425
127 3.990621e-07    -722.821506    -722.822138
128 3.449869e-06    -722.821511    -722.823368
129 5.738669e-06    -722.821515    -722.823911
130 5.343573e-06    -722.821520    -722.823832
131 3.659738e-06    -722.821525    -722.823438
132 2.609119e-06    -722.821529    -722.823144
133 2.933091e-06    -722.821531    -722.823244
134 4.933749e-06    -722.821533    -722.823754
135 8.345786e-06    -722.821533    -722.824422
136 1.146145e-05    -722.821533    -722.824918
137 1.216318e-05    -722.821531    -722.825019
138 9.921642e-06    -722.821530    -722.824680
139 6.091216e-06    -722.821529    -722.823997
140 2.565935e-06    -722.821528    -722.823130
141 5.552102e-07    -722.821528    -722.822273
142 1.014892e-08    -722.821528    -722.821629
143 2.412241e-08    -722.821529    -722.821374
144 1.026968e-09    -722.821531    -722.821563
145 2.916391e-07    -722.821533    -722.822073
146 1.232083e-06    -722.821535    -722.822645
147 2.278132e-06    -722.821537    -722.823046
148 2.858026e-06    -722.821537    -722.823228
149 3.197149e-06    -722.821537    -722.823325
150 3.806568e-06    -722.821535    -722.823486
151 4.685160e-06    -722.821531    -722.823696
152 5.081719e-06    -722.821527    -722.823781
153 4.218436e-06    -722.821521    -722.823575
154 2.464629e-06    -722.821515    -722.823085
155 1.023965e-06    -722.821509    -722.822521
156 4.522304e-07    -722.821504    -722.822176
157 6.041817e-07    -722.821499    -722.822276
158 1.860723e-06    -722.821495    -722.822859
159 5.133301e-06    -722.821492    -722.823758
160 1.013787e-05    -722.821491    -722.824675
161 1.450930e-05    -722.821491    -722.825300
162 1.558041e-05    -722.821492    -722.825439
163 1.296471e-05    -722.821493    -722.825094
164 8.880110e-06    -722.821495    -722.824475
165 5.859521e-06    -722.821496    -722.823917
166 4.929431e-06    -722.821497    -722.823717
167 6.066589e-06    -722.821496    -722.823959
168 8.591731e-06    -722.821494    -722.824425
169 1.035177e-05    -722.821491    -722.824708
170 8.817447e-06    -722.821487    -722.824456
171 4.408693e-06    -722.821482    -722.823582
172 6.818304e-07    -722.821478    -722.822304
173 2.069414e-07    -722.821475    -722.821020
174 1.786519e-06    -722.821473    -722.820136
175 2.432565e-06    -722.821472    -722.819912
176 1.160584e-06    -722.821472    -722.820395
177 2.364330e-09    -722.821475    -722.821426
178 1.472319e-06    -722.821479    -722.822692
179 5.377396e-06    -722.821484    -722.823803
180 8.464137e-06    -722.821491    -722.824400
181 7.734550e-06    -722.821498    -722.824279
182 4.177633e-06    -722.821505    -722.823549
183 1.255401e-06    -722.821512    -722.822632
184 3.005567e-07    -722.821517    -722.822065
185 4.142354e-07    -722.821520    -722.822164
186 1.614512e-06    -722.821522    -722.822793
187 3.732950e-06    -722.821523    -722.823455
188 4.362153e-06    -722.821522    -722.823611
189 2.154049e-06    -722.821521    -722.822989
190 2.956023e-08    -722.821520    -722.821692
191 2.016417e-06    -722.821519    -722.820099
192 8.119356e-06    -722.821518    -722.818669
193 1.411981e-05    -722.821519    -722.817761
194 1.579837e-05    -722.821520    -722.817545
195 1.254398e-05    -722.821522    -722.817980
196 7.079024e-06    -722.821525    -722.818864
197 2.670468e-06    -722.821528    -722.819894
198 5.623118e-07    -722.821532    -722.820782
199 2.287652e-08    -722.821535    -722.821384

0 2.711505e-06    -722.821530    -722.819883
1 2.773213e-06    -722.821527    -722.819862
2 3.047574e-06    -722.821525    -722.819779
3 3.185440e-06    -722.821529    -722.819744
4 2.886256e-06    -722.821527    -722.819828
5 2.175042e-06    -722.821526    -722.820051
6 1.298782e-06    -722.821526    -722.820386
7 5.706407e-07    -722.821526    -722.820771
8 1.512539e-07    -722.821528    -722.821139
9 2.147750e-09    -722.821523    -722.821477
10 1.196245e-07    -722.821525    -722.821871
11 8.736110e-07    -722.821526    -722.822461
12 3.127536e-06    -722.821527    -722.823295
13 7.121136e-06    -722.821525    -722.824194
14 1.060081e-05    -722.821523    -722.824779
15 1.010840e-05    -722.821520    -722.824699
16 5.615683e-06    -722.821515    -722.823885
17 1.285298e-06    -722.821510    -722.822644
18 6.347217e-11    -722.821505    -722.821513
19 2.849365e-07    -722.821500    -722.820966
20 1.148443e-07    -722.821495    -722.821156
21 1.341456e-07    -722.821497    -722.821863
22 1.340191e-06    -722.821493    -722.822651
23 2.547191e-06    -722.821491    -722.823087
24 2.016971e-06    -722.821490    -722.822910
25 3.231091e-07    -722.821490    -722.822058
26 5.991121e-07    -722.821490    -722.820716
27 4.958253e-06    -722.821491    -722.819264
28 1.091750e-05    -722.821491    -722.818187
29 1.314042e-05    -722.821491    -722.817866
30 9.702659e-06    -722.821490    -722.818375
31 4.380551e-06    -722.821488    -722.819395
32 1.188921e-06    -722.821485    -722.820395
33 3.415628e-07    -722.821482    -722.820898
34 6.456283e-07    -722.821480    -722.820676
35 2.852529e-06    -722.821477    -722.819788
36 8.791344e-06    -722.821475    -722.818510
37 1.797738e-05    -722.821474    -722.817234
38 2.613239e-05    -722.821474    -722.816362
39 2.783804e-05    -722.821475    -722.816199
40 2.152586e-05    -722.821478    -722.816838
41 1.146630e-05    -722.821481    -722.818095
42 3.685552e-06    -722.821486    -722.819566
43 4.516181e-07    -722.821491    -722.820819
44 1.452661e-08    -722.821496    -722.821617
45 2.866502e-07    -722.821502    -722.822037
46 7.192128e-07    -722.821506    -722.822354
47 1.638005e-06    -722.821509    -722.822789
48 3.279103e-06    -722.821511    -722.823322
49 4.954520e-06    -722.821512    -722.823738
50 5.436739e-06    -722.821512    -722.823844
51 4.489647e-06    -722.821512    -722.823631
52 3.080371e-06    -722.821512    -722.823267
53 2.114158e-06    -722.821512    -722.822966
54 1.772511e-06    -722.821513    -722.822844
55 1.792705e-06    -722.821514    -722.822853
56 1.699315e-06    -722.821516    -722.822820
57 1.061541e-06    -722.821520    -722.822550
58 1.782792e-07    -722.821524    -722.821946
59 2.175272e-07    -722.821528    -722.821062
60 2.068315e-06    -722.821533    -722.820095
61 5.055925e-06    -722.821538    -722.819289
62 6.890428e-06    -722.821541    -722.818916
63 5.832005e-06    -722.821543    -722.819128
64 2.863634e-06    -722.821543    -722.819851
65 6.142807e-07    -722.821542    -722.820758
66 2.334555e-08    -722.821539    -722.821386
67 2.394620e-08    -722.821535    -722.821380
68 7.346607e-07    -722.821530    -722.820673
69 4.126680e-06    -722.821525    -722.819494
70 1.079179e-05    -722.821521    -722.818236
71 1.787153e-05    -722.821517    -722.817290
72 2.121395e-05    -722.821515    -722.816909
73 1.894364e-05    -722.821513    -722.817161
74 1.283246e-05    -722.821513    -722.817931
75 6.508774e-06    -722.821514    -722.818963
76 2.506406e-06    -722.821516    -722.819933
77 9.754561e-07    -722.821519    -722.820531
78 7.347271e-07    -722.821521    -722.820664
79 9.901974e-07    -722.821523    -722.820528
80 9.367366e-07    -722.821524    -722.820556
81 1.406602e-07    -722.821523    -722.821148
82 6.963445e-07    -722.821521    -722.822355
83 5.237512e-06    -722.821516    -722.823805
84 1.175692e-05    -722.821511    -722.824940
85 1.483624e-05    -722.821505    -722.825357
86 1.227001e-05    -722.821499    -722.825002
87 7.014811e-06    -722.821493    -722.824142
88 2.847391e-06    -722.821489    -722.823176
89 9.391971e-07    -722.821485    -722.822454
90 4.683932e-07    -722.821483    -722.822167
91 7.124899e-07    -722.821482    -722.822326
92 1.727160e-06    -722.821483    -722.822797
93 3.359618e-06    -722.821485    -722.823318
94 4.594901e-06    -722.821488    -722.823632
95 4.254609e-06    -722.821492    -722.823555
96 2.537200e-06    -722.821496    -722.823089
97 8.663813e-07    -722.821499    -722.822430
98 1.095812e-07    -722.821501    -722.821832
99 6.742605e-09    -722.821501    -722.821419
100 1.425755e-07    -722.821500    -722.821122
101 4.797155e-07    -722.821497    -722.820804
102 1.161157e-06    -722.821493    -722.820415
103 2.137243e-06    -722.821488    -722.820026
104 3.070189e-06    -722.821483    -722.819731
105 3.674277e-06    -722.821479    -722.819562
106 3.973248e-06    -722.821475    -722.819482
107 4.185890e-06    -722.821473    -722.819427
108 4.498828e-06    -722.821472    -722.819351
109 4.989606e-06    -722.821473    -722.819239
110 5.717005e-06    -722.821475    -722.819084
111 6.774051e-06    -722.821479    -722.818876
112 8.136171e-06    -722.821483    -722.818631
113 9.057062e-06    -722.821482    -722.818473
114 8.390382e-06    -722.821488    -722.818591
115 5.457681e-06    -722.821492    -722.819156
116 1.873602e-06    -722.821496    -722.820127
117 1.165296e-07    -722.821498    -722.821157
118 5.524856e-08    -722.821500    -722.821735
119 4.315825e-10    -722.821501    -722.821480
120 1.250200e-06    -722.821501    -722.820383
121 7.055847e-06    -722.821501    -722.818845
122 1.602021e-05    -722.821502    -722.817499
123 2.107811e-05    -722.821502    -722.816911
124 1.732392e-05    -722.821503    -722.817341
125 8.134147e-06    -722.821505    -722.818653
126 1.172321e-06    -722.821508    -722.820425
127 3.927438e-07    -722.821511    -722.822138
128 3.431243e-06    -722.821516    -722.823368
129 5.714638e-06    -722.821520    -722.823911
130 5.320385e-06    -722.821525    -722.823832
131 3.640553e-06    -722.821530    -722.823438
132 2.592924e-06    -722.821534    -722.823144
133 2.915918e-06    -722.821536    -722.823244
134 4.911469e-06    -722.821538    -722.823754
135 8.316801e-06    -722.821538    -722.824422
136 1.142748e-05    -722.821538    -722.824918
137 1.212819e-05    -722.821536    -722.825019
138 9.890037e-06    -722.821535    -722.824680
139 6.066457e-06    -722.821534    -722.823997
140 2.549874e-06    -722.821533    -722.823130
141 5.477530e-07    -722.821533    -722.822273
142 9.162492e-09    -722.821533    -722.821629
143 2.570726e-08    -722.821534    -722.821374
144 7.303721e-10    -722.821536    -722.821563
145 2.862413e-07    -722.821538    -722.822073
146 1.220961e-06    -722.821540    -722.822645
147 2.263000e-06    -722.821542    -722.823046
148 2.841075e-06    -722.821542    -722.823228
149 3.179219e-06    -722.821542    -722.823325
150 3.787001e-06    -722.821540    -722.823486
151 4.663449e-06    -722.821536    -722.823696
152 5.059107e-06    -722.821532    -722.823781
153 4.197836e-06    -722.821526    -722.823575
154 2.448890e-06    -722.821520    -722.823085
155 1.013829e-06    -722.821514    -722.822521
156 4.455027e-07    -722.821509    -722.822176
157 5.964014e-07    -722.821504    -722.822276
158 1.847051e-06    -722.821500    -722.822859
159 5.110575e-06    -722.821497    -722.823758
160 1.010592e-05    -722.821496    -722.824675
161 1.447107e-05    -722.821496    -722.825300
162 1.554080e-05    -722.821497    -722.825439
163 1.292857e-05    -722.821498    -722.825094
164 8.850211e-06    -722.821500    -722.824475
165 5.835239e-06    -722.821501    -722.823917
166 4.907161e-06    -722.821502    -722.823717
167 6.041880e-06    -722.821501    -722.823959
168 8.562321e-06    -722.821499    -722.824425
169 1.031948e-05    -722.821496    -722.824708
170 8.787654e-06    -722.821492    -722.824456
171 4.387633e-06    -722.821487    -722.823582
172 6.735637e-07    -722.821483    -722.822304
173 2.115348e-07    -722.821480    -722.821020
174 1.799966e-06    -722.821478    -722.820136
175 2.448252e-06    -722.821477    -722.819912
176 1.171427e-06    -722.821477    -722.820395
177 2.877821e-09    -722.821480    -722.821426
178 1.460159e-06    -722.821484    -722.822692
179 5.354135e-06    -722.821489    -722.823803
180 8.434947e-06    -722.821496    -722.824400
181 7.706648e-06    -722.821503    -722.824279
182 4.157133e-06    -722.821510    -722.823549
183 1.244175e-06    -722.821517    -722.822632
184 2.950766e-07    -722.821522    -722.822065
185 4.077976e-07    -722.821525    -722.822164
186 1.601777e-06    -722.821527    -722.822793
187 3.713573e-06    -722.821528    -722.823455
188 4.341205e-06    -722.821527    -722.823611
189 2.139336e-06    -722.821526    -722.822989
190 2.785892e-08    -722.821525    -722.821692
191 2.030701e-06    -722.821524    -722.820099
192 8.147995e-06    -722.821523    -722.818669
193 1.415756e-05    -722.821524    -722.817761
194 1.583830e-05    -722.821525    -722.817545
195 1.257957e-05    -722.821527    -722.817980
196 7.105767e-06    -722.821530    -722.818864
197 2.686904e-06    -722.821533    -722.819894
198 5.698672e-07    -722.821537    -722.820782
199 2.442057e-08    -722.821540    -722.821384

0 2.717248e-06    -722.821531    -722.819883
1 2.779021e-06    -722.821529    -722.819862
2 3.053662e-06    -722.821526    -722.819779
3 3.191664e-06    -722.821531    -722.819744
4 2.892181e-06    -722.821529    -722.819828
5 2.180186e-06    -722.821528    -722.820051
6 1.302758e-06    -722.821527    -722.820386
7 5.732768e-07    -722.821528    -722.820771
8 1.526125e-07    -722.821530    -722.821139
9 2.312323e-09    -722.821525    -722.821477
10 1.184220e-07    -722.821527    -722.821871
11 8.703562e-07    -722.821528    -722.822461
12 3.121375e-06    -722.821528    -722.823295
13 7.111838e-06    -722.821527    -722.824194
14 1.058947e-05    -722.821525    -722.824779
15 1.009732e-05    -722.821521    -722.824699
16 5.607426e-06    -722.821517    -722.823885
17 1.281349e-06    -722.821512    -722.822644
18 3.873995e-11    -722.821507    -722.821513
19 2.868002e-07    -722.821502    -722.820966
20 1.160286e-07    -722.821497    -722.821156
21 1.328720e-07    -722.821498    -722.821863
22 1.336159e-06    -722.821495    -722.822651
23 2.541631e-06    -722.821493    -722.823087
24 2.012023e-06    -722.821492    -722.822910
25 3.211308e-07    -722.821491    -722.822058
26 6.018131e-07    -722.821492    -722.820716
27 4.966017e-06    -722.821492    -722.819264
28 1.092902e-05    -722.821493    -722.818187
29 1.315306e-05    -722.821493    -722.817866
30 9.713519e-06    -722.821492    -722.818375
31 4.387849e-06    -722.821490    -722.819395
32 1.192724e-06    -722.821487    -722.820395
33 3.436029e-07    -722.821484    -722.820898
34 6.484320e-07    -722.821481    -722.820676
35 2.858419e-06    -722.821479    -722.819788
36 8.801682e-06    -722.821477    -722.818510
37 1.799216e-05    -722.821476    -722.817234
38 2.615021e-05    -722.821476    -722.816362
39 2.785643e-05    -722.821477    -722.816199
40 2.154204e-05    -722.821479    -722.816838
41 1.147811e-05    -722.821483    -722.818095
42 3.692247e-06    -722.821488    -722.819566
43 4.539636e-07    -722.821493    -722.820819
44 1.410954e-08    -722.821498    -722.821617
45 2.847870e-07    -722.821503    -722.822037
46 7.162598e-07    -722.821508    -722.822354
47 1.633547e-06    -722.821511    -722.822789
48 3.272795e-06    -722.821513    -722.823322
49 4.946764e-06    -722.821514    -722.823738
50 5.428614e-06    -722.821514    -722.823844
51 4.482265e-06    -722.821514    -722.823631
52 3.074256e-06    -722.821514    -722.823267
53 2.109093e-06    -722.821514    -722.822966
54 1.767873e-06    -722.821514    -722.822844
55 1.788041e-06    -722.821516    -722.822853
56 1.694774e-06    -722.821518    -722.822820
57 1.057953e-06    -722.821521    -722.822550
58 1.768105e-07    -722.821526    -722.821946
59 2.191559e-07    -722.821530    -722.821062
60 2.073331e-06    -722.821535    -722.820095
61 5.063766e-06    -722.821539    -722.819289
62 6.899581e-06    -722.821543    -722.818916
63 5.840425e-06    -722.821545    -722.819128
64 2.869535e-06    -722.821545    -722.819851
65 6.170156e-07    -722.821544    -722.820758
66 2.388116e-08    -722.821541    -722.821386
67 2.448862e-08    -722.821536    -722.821380
68 7.376513e-07    -722.821532    -722.820673
69 4.133764e-06    -722.821527    -722.819494
70 1.080324e-05    -722.821523    -722.818236
71 1.788627e-05    -722.821519    -722.817290
72 2.123001e-05    -722.821517    -722.816909
73 1.895881e-05    -722.821515    -722.817161
74 1.284495e-05    -722.821515    -722.817931
75 6.517670e-06    -722.821516    -722.818963
76 2.511927e-06    -722.821518    -722.819933
77 9.789017e-07    -722.821520    -722.820531
78 7.377178e-07    -722.821523    -722.820664
79 9.936689e-07    -722.821525    -722.820528
80 9.401132e-07    -722.821526    -722.820556
81 1.419705e-07    -722.821525    -722.821148
82 6.934389e-07    -722.821522    -722.822355
83 5.229538e-06    -722.821518    -722.823805
84 1.174497e-05    -722.821513    -722.824940
85 1.482282e-05    -722.821507    -722.825357
86 1.225780e-05    -722.821501    -722.825002
87 7.005583e-06    -722.821495    -722.824142
88 2.841512e-06    -722.821490    -722.823176
89 9.358221e-07    -722.821487    -722.822454
90 4.660107e-07    -722.821484    -722.822167
91 7.095508e-07    -722.821484    -722.822326
92 1.722582e-06    -722.821485    -722.822797
93 3.353232e-06    -722.821487    -722.823318
94 4.587432e-06    -722.821490    -722.823632
95 4.247423e-06    -722.821494    -722.823555
96 2.531651e-06    -722.821498    -722.823089
97 8.631399e-07    -722.821501    -722.822430
98 1.084304e-07    -722.821503    -722.821832
99 7.031857e-09    -722.821503    -722.821419
100 1.438947e-07    -722.821501    -722.821122
101 4.821327e-07    -722.821498    -722.820804
102 1.164916e-06    -722.821494    -722.820415
103 2.142342e-06    -722.821490    -722.820026
104 3.076299e-06    -722.821485    -722.819731
105 3.680961e-06    -722.821481    -722.819562
106 3.980199e-06    -722.821477    -722.819482
107 4.193024e-06    -722.821475    -722.819427
108 4.506224e-06    -722.821474    -722.819351
109 4.997395e-06    -722.821474    -722.819239
110 5.725343e-06    -722.821477    -722.819084
111 6.783126e-06    -722.821480    -722.818876
112 8.146116e-06    -722.821485    -722.818631
113 9.067555e-06    -722.821484    -722.818473
114 8.400482e-06    -722.821489    -722.818591
115 5.465827e-06    -722.821494    -722.819156
116 1.878376e-06    -722.821498    -722.820127
117 1.177225e-07    -722.821500    -722.821157
118 5.443231e-08    -722.821502    -722.821735
119 5.070316e-10    -722.821503    -722.821480
120 1.254100e-06    -722.821503    -722.820383
121 7.065109e-06    -722.821503    -722.818845
122 1.603416e-05    -722.821503    -722.817499
123 2.109412e-05    -722.821504    -722.816911
124 1.733843e-05    -722.821505    -722.817341
125 8.144091e-06    -722.821507    -722.818653
126 1.176098e-06    -722.821509    -722.820425
127 3.905624e-07    -722.821513    -722.822138
128 3.424789e-06    -722.821517    -722.823368
129 5.706309e-06    -722.821522    -722.823911
130 5.312348e-06    -722.821527    -722.823832
131 3.633905e-06    -722.821532    -722.823438
132 2.587314e-06    -722.821535    -722.823144
133 2.909969e-06    -722.821538    -722.823244
134 4.903747e-06    -722.821540    -722.823754
135 8.306752e-06    -722.821540    -722.824422
136 1.141570e-05    -722.821539    -722.824918
137 1.211605e-05    -722.821538    -722.825019
138 9.879078e-06    -722.821537    -722.824680
139 6.057875e-06    -722.821536    -722.823997
140 2.544311e-06    -722.821535    -722.823130
141 5.451763e-07    -722.821535    -722.822273
142 8.831885e-09    -722.821535    -722.821629
143 2.626916e-08    -722.821536    -722.821374
144 6.392098e-10    -722.821538    -722.821563
145 2.843795e-07    -722.821540    -722.822073
146 1.217113e-06    -722.821542    -722.822645
147 2.257760e-06    -722.821543    -722.823046
148 2.835203e-06    -722.821544    -722.823228
149 3.173007e-06    -722.821544    -722.823325
150 3.780221e-06    -722.821542    -722.823486
151 4.655925e-06    -722.821538    -722.823696
152 5.051270e-06    -722.821533    -722.823781
153 4.190697e-06    -722.821528    -722.823575
154 2.443438e-06    -722.821522    -722.823085
155 1.010322e-06    -722.821516    -722.822521
156 4.431792e-07    -722.821510    -722.822176
157 5.937126e-07    -722.821505    -722.822276
158 1.842317e-06    -722.821502    -722.822859
159 5.102698e-06    -722.821499    -722.823758
160 1.009484e-05    -722.821498    -722.824675
161 1.445781e-05    -722.821498    -722.825300
162 1.552706e-05    -722.821499    -722.825439
163 1.291604e-05    -722.821500    -722.825094
164 8.839845e-06    -722.821502    -722.824475
165 5.826822e-06    -722.821503    -722.823917
166 4.899442e-06    -722.821504    -722.823717
167 6.033315e-06    -722.821503    -722.823959
168 8.552125e-06    -722.821501    -722.824425
169 1.030829e-05    -722.821497    -722.824708
170 8.777324e-06    -722.821493    -722.824456
171 4.380335e-06    -722.821489    -722.823582
172 6.707061e-07    -722.821485    -722.822304
173 2.131410e-07    -722.821482    -722.821020
174 1.804646e-06    -722.821479    -722.820136
175 2.453709e-06    -722.821478    -722.819912
176 1.175203e-06    -722.821479    -722.820395
177 3.067844e-09    -722.821481    -722.821426
178 1.455950e-06    -722.821485    -722.822692
179 5.346073e-06    -722.821491    -722.823803
180 8.424827e-06    -722.821497    -722.824400
181 7.696975e-06    -722.821505    -722.824279
182 4.150029e-06    -722.821512    -722.823549
183 1.240290e-06    -722.821518    -722.822632
184 2.931863e-07    -722.821524    -722.822065
185 4.055747e-07    -722.821527    -722.822164
186 1.597369e-06    -722.821529    -722.822793
187 3.706859e-06    -722.821530    -722.823455
188 4.333946e-06    -722.821529    -722.823611
189 2.134241e-06    -722.821528    -722.822989
190 2.728018e-08    -722.821527    -722.821692
191 2.035671e-06    -722.821526    -722.820099
192 8.157948e-06    -722.821525    -722.818669
193 1.417068e-05    -722.821525    -722.817761
194 1.585218e-05    -722.821526    -722.817545
195 1.259193e-05    -722.821529    -722.817980
196 7.115062e-06    -722.821531    -722.818864
197 2.692620e-06    -722.821535    -722.819894
198 5.725015e-07    -722.821539    -722.820782
199 2.496830e-08    -722.821542    -722.821384

0 2.719242e-06    -722.821532    -722.819883
1 2.781038e-06    -722.821530    -722.819862
2 3.055776e-06    -722.821527    -722.819779
3 3.193826e-06    -722.821531    -722.819744
4 2.894239e-06    -722.821529    -722.819828
5 2.181972e-06    -722.821528    -722.820051
6 1.304139e-06    -722.821528    -722.820386
7 5.741932e-07    -722.821529    -722.820771
8 1.530855e-07    -722.821530    -722.821139
9 2.370867e-09    -722.821526    -722.821477
10 1.180060e-07    -722.821527    -722.821871
11 8.692278e-07    -722.821529    -722.822461
12 3.119238e-06    -722.821529    -722.823295
13 7.108612e-06    -722.821528    -722.824194
14 1.058553e-05    -722.821525    -722.824779
15 1.009348e-05    -722.821522    -722.824699
16 5.604561e-06    -722.821518    -722.823885
17 1.279980e-06    -722.821513    -722.822644
18 3.157549e-11    -722.821507    -722.821513
19 2.874485e-07    -722.821502    -722.820966
20 1.164411e-07    -722.821497    -722.821156
21 1.324313e-07    -722.821499    -722.821863
22 1.334761e-06    -722.821496    -722.822651
23 2.539703e-06    -722.821493    -722.823087
24 2.010308e-06    -722.821492    -722.822910
25 3.204456e-07    -722.821492    -722.822058
26 6.027520e-07    -722.821492    -722.820716
27 4.968714e-06    -722.821493    -722.819264
28 1.093302e-05    -722.821494    -722.818187
29 1.315745e-05    -722.821493    -722.817866
30 9.717290e-06    -722.821492    -722.818375
31 4.390384e-06    -722.821490    -722.819395
32 1.194046e-06    -722.821488    -722.820395
33 3.443125e-07    -722.821485    -722.820898
34 6.494066e-07    -722.821482    -722.820676
35 2.860465e-06    -722.821479    -722.819788
36 8.805272e-06    -722.821477    -722.818510
37 1.799729e-05    -722.821476    -722.817234
38 2.615640e-05    -722.821476    -722.816362
39 2.786282e-05    -722.821478    -722.816199
40 2.154765e-05    -722.821480    -722.816838
41 1.148221e-05    -722.821484    -722.818095
42 3.694572e-06    -722.821488    -722.819566
43 4.547791e-07    -722.821493    -722.820819
44 1.396620e-08    -722.821499    -722.821617
45 2.841417e-07    -722.821504    -722.822037
46 7.152362e-07    -722.821508    -722.822354
47 1.632001e-06    -722.821512    -722.822789
48 3.270606e-06    -722.821514    -722.823322
49 4.944074e-06    -722.821514    -722.823738
50 5.425796e-06    -722.821515    -722.823844
51 4.479704e-06    -722.821514    -722.823631
52 3.072135e-06    -722.821514    -722.823267
53 2.107336e-06    -722.821514    -722.822966
54 1.766265e-06    -722.821515    -722.822844
55 1.786424e-06    -722.821516    -722.822853
56 1.693200e-06    -722.821519    -722.822820
57 1.056709e-06    -722.821522    -722.822550
58 1.763021e-07    -722.821526    -722.821946
59 2.197226e-07    -722.821531    -722.821062
60 2.075073e-06    -722.821536    -722.820095
61 5.066489e-06    -722.821540    -722.819289
62 6.902759e-06    -722.821543    -722.818916
63 5.843349e-06    -722.821545    -722.819128
64 2.871585e-06    -722.821546    -722.819851
65 6.179663e-07    -722.821544    -722.820758
66 2.406849e-08    -722.821541    -722.821386
67 2.467831e-08    -722.821537    -722.821380
68 7.386908e-07    -722.821532    -722.820673
69 4.136224e-06    -722.821528    -722.819494
70 1.080722e-05    -722.821523    -722.818236
71 1.789138e-05    -722.821520    -722.817290
72 2.123559e-05    -722.821517    -722.816909
73 1.896408e-05    -722.821516    -722.817161
74 1.284929e-05    -722.821516    -722.817931
75 6.520759e-06    -722.821517    -722.818963
76 2.513845e-06    -722.821519    -722.819933
77 9.800991e-07    -722.821521    -722.820531
78 7.387573e-07    -722.821524    -722.820664
79 9.948753e-07    -722.821525    -722.820528
80 9.412866e-07    -722.821526    -722.820556
81 1.424267e-07    -722.821525    -722.821148
82 6.924317e-07    -722.821523    -722.822355
83 5.226772e-06    -722.821519    -722.823805
84 1.174083e-05    -722.821514    -722.824940
85 1.481816e-05    -722.821508    -722.825357
86 1.225357e-05    -722.821501    -722.825002
87 7.002381e-06    -722.821496    -722.824142
88 2.839473e-06    -722.821491    -722.823176
89 9.346521e-07    -722.821487    -722.822454
90 4.651852e-07    -722.821485    -722.822167
91 7.085320e-07    -722.821484    -722.822326
92 1.720995e-06    -722.821485    -722.822797
93 3.351017e-06    -722.821487    -722.823318
94 4.584841e-06    -722.821491    -722.823632
95 4.244930e-06    -722.821495    -722.823555
96 2.529726e-06    -722.821498    -722.823089
97 8.620163e-07    -722.821502    -722.822430
98 1.080324e-07    -722.821503    -722.821832
99 7.133678e-09    -722.821503    -722.821419
100 1.443540e-07    -722.821502    -722.821122
101 4.829731e-07    -722.821499    -722.820804
102 1.166222e-06    -722.821495    -722.820415
103 2.144113e-06    -722.821490    -722.820026
104 3.078422e-06    -722.821486    -722.819731
105 3.683283e-06    -722.821481    -722.819562
106 3.982613e-06    -722.821478    -722.819482
107 4.195502e-06    -722.821475    -722.819427
108 4.508793e-06    -722.821474    -722.819351
109 5.000100e-06    -722.821475    -722.819239
110 5.728238e-06    -722.821477    -722.819084
111 6.786278e-06    -722.821481    -722.818876
112 8.149569e-06    -722.821486    -722.818631
113 9.071198e-06    -722.821485    -722.818473
114 8.403989e-06    -722.821490    -722.818591
115 5.468655e-06    -722.821495    -722.819156
116 1.880034e-06    -722.821498    -722.820127
117 1.181379e-07    -722.821501    -722.821157
118 5.415040e-08    -722.821502    -722.821735
119 5.346406e-10    -722.821503    -722.821480
120 1.255455e-06    -722.821503    -722.820383
121 7.068325e-06    -722.821504    -722.818845
122 1.603901e-05    -722.821504    -722.817499
123 2.109968e-05    -722.821504    -722.816911
124 1.734347e-05    -722.821506    -722.817341
125 8.147544e-06    -722.821507    -722.818653
126 1.177410e-06    -722.821510    -722.820425
127 3.898066e-07    -722.821514    -722.822138
128 3.422550e-06    -722.821518    -722.823368
129 5.703419e-06    -722.821523    -722.823911
130 5.309560e-06    -722.821528    -722.823832
131 3.631599e-06    -722.821532    -722.823438
132 2.585369e-06    -722.821536    -722.823144
133 2.907906e-06    -722.821539    -722.823244
134 4.901069e-06    -722.821540    -722.823754
135 8.303266e-06    -722.821540    -722.824422
136 1.141161e-05    -722.821540    -722.824918
137 1.211184e-05    -722.821539    -722.825019
138 9.875276e-06    -722.821538    -722.824680
139 6.054898e-06    -722.821536    -722.823997
140 2.542382e-06    -722.821536    -722.823130
141 5.442834e-07    -722.821535    -722.822273
142 8.718550e-09    -722.821536    -722.821629
143 2.646562e-08    -722.821537    -722.821374
144 6.089870e-10    -722.821538    -722.821563
145 2.837346e-07    -722.821540    -722.822073
146 1.215778e-06    -722.821542    -722.822645
147 2.255942e-06    -722.821544    -722.823046
148 2.833166e-06    -722.821545    -722.823228
149 3.170853e-06    -722.821544    -722.823325
150 3.777869e-06    -722.821542    -722.823486
151 4.653315e-06    -722.821539    -722.823696
152 5.048551e-06    -722.821534    -722.823781
153 4.188221e-06    -722.821528    -722.823575
154 2.441547e-06    -722.821522    -722.823085
155 1.009107e-06    -722.821516    -722.822521
156 4.423741e-07    -722.821511    -722.822176
157 5.927808e-07    -722.821506    -722.822276
158 1.840675e-06    -722.821502    -722.822859
159 5.099965e-06    -722.821500    -722.823758
160 1.009100e-05    -722.821498    -722.824675
161 1.445321e-05    -722.821498    -722.825300
162 1.552229e-05    -722.821499    -722.825439
163 1.291170e-05    -722.821501    -722.825094
164 8.836248e-06    -722.821502    -722.824475
165 5.823902e-06    -722.821504    -722.823917
166 4.896765e-06    -722.821504    -722.823717
167 6.030344e-06    -722.821503    -722.823959
168 8.548587e-06    -722.821501    -722.824425
169 1.030441e-05    -722.821498    -722.824708
170 8.773740e-06    -722.821494    -722.824456
171 4.377803e-06    -722.821490    -722.823582
172 6.697156e-07    -722.821486    -722.822304
173 2.136999e-07    -722.821482    -722.821020
174 1.806271e-06    -722.821480    -722.820136
175 2.455604e-06    -722.821479    -722.819912
176 1.176515e-06    -722.821480    -722.820395
177 3.135223e-09    -722.821482    -722.821426
178 1.454491e-06    -722.821486    -722.822692
179 5.343276e-06    -722.821491    -722.823803
180 8.421316e-06    -722.821498    -722.824400
181 7.693618e-06    -722.821505    -722.824279
182 4.147565e-06    -722.821512    -722.823549
183 1.238943e-06    -722.821519    -722.822632
184 2.925315e-07    -722.821524    -722.822065
185 4.048046e-07    -722.821528    -722.822164
186 1.595840e-06    -722.821530    -722.822793
187 3.704530e-06    -722.821530    -722.823455
188 4.331427e-06    -722.821530    -722.823611
189 2.132474e-06    -722.821529    -722.822989
190 2.708071e-08    -722.821527    -722.821692
191 2.037398e-06    -722.821526    -722.820099
192 8.161404e-06    -722.821526    -722.818669
193 1.417524e-05    -722.821526    -722.817761
194 1.585700e-05    -722.821527    -722.817545
195 1.259623e-05    -722.821529    -722.817980
196 7.118289e-06    -722.821532    -722.818864
197 2.694606e-06    -722.821536    -722.819894
198 5.734173e-07    -722.821539    -722.820782
199 2.515985e-08    -722.821543    -722.821384

0 2.719935e-06    -722.821532    -722.819883
1 2.781738e-06    -722.821530    -722.819862
2 3.056510e-06    -722.821527    -722.819779
3 3.194576e-06    -722.821531    -722.819744
4 2.894953e-06    -722.821529    -722.819828
5 2.182593e-06    -722.821528    -722.820051
6 1.304619e-06    -722.821528    -722.820386
7 5.745114e-07    -722.821529    -722.820771
8 1.532499e-07    -722.821530    -722.821139
9 2.391360e-09    -722.821526    -722.821477
10 1.178618e-07    -722.821528    -722.821871
11 8.688363e-07    -722.821529    -722.822461
12 3.118496e-06    -722.821529    -722.823295
13 7.107492e-06    -722.821528    -722.824194
14 1.058417e-05    -722.821526    -722.824779
15 1.009215e-05    -722.821522    -722.824699
16 5.603567e-06    -722.821518    -722.823885
17 1.279505e-06    -722.821513    -722.822644
18 2.925978e-11    -722.821508    -722.821513
19 2.876737e-07    -722.821502    -722.820966
20 1.165844e-07    -722.821497    -722.821156
21 1.322785e-07    -722.821499    -722.821863
22 1.334276e-06    -722.821496    -722.822651
23 2.539033e-06    -722.821494    -722.823087
24 2.009712e-06    -722.821492    -722.822910
25 3.202079e-07    -722.821492    -722.822058
26 6.030781e-07    -722.821493    -722.820716
27 4.969650e-06    -722.821493    -722.819264
28 1.093441e-05    -722.821494    -722.818187
29 1.315897e-05    -722.821494    -722.817866
30 9.718599e-06    -722.821492    -722.818375
31 4.391264e-06    -722.821491    -722.819395
32 1.194505e-06    -722.821488    -722.820395
33 3.445590e-07    -722.821485    -722.820898
34 6.497451e-07    -722.821482    -722.820676
35 2.861176e-06    -722.821480    -722.819788
36 8.806518e-06    -722.821478    -722.818510
37 1.799907e-05    -722.821477    -722.817234
38 2.615855e-05    -722.821477    -722.816362
39 2.786504e-05    -722.821478    -722.816199
40 2.154960e-05    -722.821480    -722.816838
41 1.148363e-05    -722.821484    -722.818095
42 3.695379e-06    -722.821488    -722.819566
43 4.550624e-07    -722.821494    -722.820819
44 1.391661e-08    -722.821499    -722.821617
45 2.839179e-07    -722.821504    -722.822037
46 7.148811e-07    -722.821508    -722.822354
47 1.631465e-06    -722.821512    -722.822789
48 3.269847e-06    -722.821514    -722.823322
49 4.943140e-06    -722.821515    -722.823738
50 5.424818e-06    -722.821515    -722.823844
51 4.478815e-06    -722.821515    -722.823631
52 3.071399e-06    -722.821514    -722.823267
53 2.106727e-06    -722.821515    -722.822966
54 1.765707e-06    -722.821515    -722.822844
55 1.785863e-06    -722.821517    -722.822853
56 1.692653e-06    -722.821519    -722.822820
57 1.056277e-06    -722.821522    -722.822550
58 1.761258e-07    -722.821526    -722.821946
59 2.199195e-07    -722.821531    -722.821062
60 2.075678e-06    -722.821536    -722.820095
61 5.067434e-06    -722.821540    -722.819289
62 6.903862e-06    -722.821544    -722.818916
63 5.844365e-06    -722.821546    -722.819128
64 2.872297e-06    -722.821546    -722.819851
65 6.182965e-07    -722.821544    -722.820758
66 2.413369e-08    -722.821541    -722.821386
67 2.474433e-08    -722.821537    -722.821380
68 7.390518e-07    -722.821533    -722.820673
69 4.137078e-06    -722.821528    -722.819494
70 1.080860e-05    -722.821524    -722.818236
71 1.789316e-05    -722.821520    -722.817290
72 2.123752e-05    -722.821517    -722.816909
73 1.896591e-05    -722.821516    -722.817161
74 1.285079e-05    -722.821516    -722.817931
75 6.521831e-06    -722.821517    -722.818963
76 2.514511e-06    -722.821519    -722.819933
77 9.805149e-07    -722.821521    -722.820531
78 7.391183e-07    -722.821524    -722.820664
79 9.952942e-07    -722.821526    -722.820528
80 9.416941e-07    -722.821526    -722.820556
81 1.425852e-07    -722.821526    -722.821148
82 6.920823e-07    -722.821523    -722.822355
83 5.225812e-06    -722.821519    -722.823805
84 1.173939e-05    -722.821514    -722.824940
85 1.481654e-05    -722.821508    -722.825357
86 1.225210e-05    -722.821502    -722.825002
87 7.001269e-06    -722.821496    -722.824142
88 2.838765e-06    -722.821491    -722.823176
89 9.342461e-07    -722.821487    -722.822454
90 4.648988e-07    -722.821485    -722.822167
91 7.081786e-07    -722.821484    -722.822326
92 1.720444e-06    -722.821485    -722.822797
93 3.350248e-06    -722.821488    -722.823318
94 4.583942e-06    -722.821491    -722.823632
95 4.244064e-06    -722.821495    -722.823555
96 2.529058e-06    -722.821499    -722.823089
97 8.616264e-07    -722.821502    -722.822430
98 1.078944e-07    -722.821504    -722.821832
99 7.169191e-09    -722.821504    -722.821419
100 1.445136e-07    -722.821502    -722.821122
101 4.832650e-07    -722.821499    -722.820804
102 1.166676e-06    -722.821495    -722.820415
103 2.144728e-06    -722.821490    -722.820026
104 3.079158e-06    -722.821486    -722.819731
105 3.684089e-06    -722.821481    -722.819562
106 3.983452e-06    -722.821478    -722.819482
107 4.196362e-06    -722.821476    -722.819427
108 4.509684e-06    -722.821475    -722.819351
109 5.001039e-06    -722.821475    -722.819239
110 5.729243e-06    -722.821478    -722.819084
111 6.787372e-06    -722.821481    -722.818876
112 8.150768e-06    -722.821486    -722.818631
113 9.072463e-06    -722.821485    -722.818473
114 8.405206e-06    -722.821490    -722.818591
115 5.469638e-06    -722.821495    -722.819156
116 1.880610e-06    -722.821498    -722.820127
117 1.182823e-07    -722.821501    -722.821157
118 5.405272e-08    -722.821503    -722.821735
119 5.443950e-10    -722.821503    -722.821480
120 1.255926e-06    -722.821504    -722.820383
121 7.069441e-06    -722.821504    -722.818845
122 1.604069e-05    -722.821504    -722.817499
123 2.110161e-05    -722.821505    -722.816911
124 1.734522e-05    -722.821506    -722.817341
125 8.148743e-06    -722.821508    -722.818653
126 1.177866e-06    -722.821510    -722.820425
127 3.895445e-07    -722.821514    -722.822138
128 3.421773e-06    -722.821518    -722.823368
129 5.702416e-06    -722.821523    -722.823911
130 5.308593e-06    -722.821528    -722.823832
131 3.630799e-06    -722.821533    -722.823438
